Runtime: 0.083s
Pearllengths in mm: 6,8,10,11,20
Messagelength in mm: 34455171
Ͽ: [4]
◊: [3,4]
⁞: [3,3,4]
~: [3,3,3]
≵: [3,3,2]
Ŧ: [3,3,1,4]
Ӯ: [3,3,1,3]
≯: [3,3,1,2,4]
⇉: [3,3,1,2,3]
⚑: [3,3,1,2,2]
ҍ: [3,3,1,2,1,4]
ý: [3,3,1,2,1,3]
≒: [3,3,1,2,1,2]
֯: [3,3,1,2,1,1]
♬: [3,3,1,2,1,0]
⚺: [3,3,1,2,0,4]
ṵ: [3,3,1,2,0,3]
⏐: [3,3,1,2,0,2]
⊄: [3,3,1,2,0,1]
Б: [3,3,1,2,0,0]
⊛: [3,3,1,1,4]
Ϲ: [3,3,1,1,3]
Ӫ: [3,3,1,1,2]
∬: [3,3,1,1,1,4]
⸖: [3,3,1,1,1,3]
Л: [3,3,1,1,1,2]
♎: [3,3,1,1,1,1]
↢: [3,3,1,1,1,0]
⍈: [3,3,1,1,0]
β: [3,3,1,0]
⇝: [3,3,0,4]
♲: [3,3,0,3,4]
Ӿ: [3,3,0,3,3]
ί: [3,3,0,3,2,4]
∑: [3,3,0,3,2,3]
Ǽ: [3,3,0,3,2,2]
⸷: [3,3,0,3,2,1]
ⅅ: [3,3,0,3,2,0]
Ả: [3,3,0,3,1,4]
ỳ: [3,3,0,3,1,3]
┙: [3,3,0,3,1,2]
⏿: [3,3,0,3,1,1]
┷: [3,3,0,3,1,0]
╷: [3,3,0,3,0,4]
▷: [3,3,0,3,0,3]
⌊: [3,3,0,3,0,2]
◗: [3,3,0,3,0,1]
ḽ: [3,3,0,3,0,0]
◎: [3,3,0,2,4]
χ: [3,3,0,2,3]
ơ: [3,3,0,2,2,4]
Ẓ: [3,3,0,2,2,3]
⛃: [3,3,0,2,2,2]
↱: [3,3,0,2,2,1]
♈: [3,3,0,2,2,0]
►: [3,3,0,2,1,4]
2: [3,3,0,2,1,3]
‥: [3,3,0,2,1,2]
ȇ: [3,3,0,2,1,1]
Ӭ: [3,3,0,2,1,0]
◉: [3,3,0,2,0]
g: [3,3,0,1,4]
ȭ: [3,3,0,1,3]
Ή: [3,3,0,1,2,4]
∈: [3,3,0,1,2,3]
ò: [3,3,0,1,2,2]
Ĕ: [3,3,0,1,2,1]
ώ: [3,3,0,1,2,0]
Ƣ: [3,3,0,1,1]
ẝ: [3,3,0,1,0,4]
⌶: [3,3,0,1,0,3]
≩: [3,3,0,1,0,2]
⍋: [3,3,0,1,0,1]
⛕: [3,3,0,1,0,0]
⸮: [3,3,0,0]
☪: [3,2]
▤: [3,1,4]
≆: [3,1,3,4]
Ɀ: [3,1,3,3]
ǁ: [3,1,3,2]
⎷: [3,1,3,1,4]
┑: [3,1,3,1,3]
ђ: [3,1,3,1,2,4]
׀: [3,1,3,1,2,3]
◈: [3,1,3,1,2,2]
҉: [3,1,3,1,2,1]
⊪: [3,1,3,1,2,0]
Ɂ: [3,1,3,1,1]
Ɐ: [3,1,3,1,0,4]
⎋: [3,1,3,1,0,3]
↯: [3,1,3,1,0,2]
я: [3,1,3,1,0,1]
⍵: [3,1,3,1,0,0]
▨: [3,1,3,0,4]
⊝: [3,1,3,0,3]
Œ: [3,1,3,0,2,4]
Ề: [3,1,3,0,2,3]
T: [3,1,3,0,2,2]
⏖: [3,1,3,0,2,1]
ȳ: [3,1,3,0,2,0]
Ǹ: [3,1,3,0,1,4]
℠: [3,1,3,0,1,3]
Ü: [3,1,3,0,1,2]
έ: [3,1,3,0,1,1]
Н: [3,1,3,0,1,0]
ḅ: [3,1,3,0,0,4]
∾: [3,1,3,0,0,3]
ẛ: [3,1,3,0,0,2]
’: [3,1,3,0,0,1]
֤: [3,1,3,0,0,0,4]
ṑ: [3,1,3,0,0,0,3]
⸧: [3,1,3,0,0,0,2]
Ƀ: [3,1,3,0,0,0,1]
Ӑ: [3,1,3,0,0,0,0]
ℚ: [3,1,2,4]
┄: [3,1,2,3]
⎖: [3,1,2,2,4]
ӌ: [3,1,2,2,3]
Ṳ: [3,1,2,2,2]
ñ: [3,1,2,2,1,4]
⊭: [3,1,2,2,1,3]
▹: [3,1,2,2,1,2]
⋴: [3,1,2,2,1,1]
ֵ: [3,1,2,2,1,0]
═: [3,1,2,2,0,4]
∁: [3,1,2,2,0,3]
ⅇ: [3,1,2,2,0,2]
ѷ: [3,1,2,2,0,1]
⋉: [3,1,2,2,0,0]
╾: [3,1,2,1,4]
☉: [3,1,2,1,3,4]
Ƈ: [3,1,2,1,3,3]
∰: [3,1,2,1,3,2]
ħ: [3,1,2,1,3,1]
Μ: [3,1,2,1,3,0]
ℂ: [3,1,2,1,2,4]
⛗: [3,1,2,1,2,3]
ƭ: [3,1,2,1,2,2]
ḑ: [3,1,2,1,2,1]
г: [3,1,2,1,2,0]
³: [3,1,2,1,1,4]
Á: [3,1,2,1,1,3]
ł: [3,1,2,1,1,2]
ⱼ: [3,1,2,1,1,1]
⏡: [3,1,2,1,1,0]
♻: [3,1,2,1,0]
Т: [3,1,2,0,4]
⌯: [3,1,2,0,3]
ṏ: [3,1,2,0,2,4]
∔: [3,1,2,0,2,3]
ǈ: [3,1,2,0,2,2]
⸒: [3,1,2,0,2,1]
ṇ: [3,1,2,0,2,0]
◡: [3,1,2,0,1,4]
⹂: [3,1,2,0,1,3]
∳: [3,1,2,0,1,2]
5: [3,1,2,0,1,1]
⌦: [3,1,2,0,1,0]
⛯: [3,1,2,0,0]
Ḣ: [3,1,1,4]
Ǻ: [3,1,1,3,4]
☌: [3,1,1,3,3]
∷: [3,1,1,3,2,4]
☍: [3,1,1,3,2,3]
ƥ: [3,1,1,3,2,2]
⌋: [3,1,1,3,2,1]
≑: [3,1,1,3,2,0]
*: [3,1,1,3,1,4]
љ: [3,1,1,3,1,3]
◍: [3,1,1,3,1,2]
ָ: [3,1,1,3,1,1]
╙: [3,1,1,3,1,0]
ń: [3,1,1,3,0,4]
Ƹ: [3,1,1,3,0,3]
┨: [3,1,1,3,0,2]
Ằ: [3,1,1,3,0,1]
⋿: [3,1,1,3,0,0]
⌎: [3,1,1,2]
⁈: [3,1,1,1,4]
Ḓ: [3,1,1,1,3]
⅂: [3,1,1,1,2,4]
⊍: [3,1,1,1,2,3]
֣: [3,1,1,1,2,2]
ŭ: [3,1,1,1,2,1]
ï: [3,1,1,1,2,0]
⛉: [3,1,1,1,1,4]
ŧ: [3,1,1,1,1,3]
╽: [3,1,1,1,1,2]
⋕: [3,1,1,1,1,1]
┬: [3,1,1,1,1,0]
ǻ: [3,1,1,1,0]
Ǥ: [3,1,1,0]
Ỿ: [3,1,0,4]
ẽ: [3,1,0,3,4]
ұ: [3,1,0,3,3]
⍆: [3,1,0,3,2]
ץ: [3,1,0,3,1,4]
ƺ: [3,1,0,3,1,3]
ב: [3,1,0,3,1,2]
ӣ: [3,1,0,3,1,1]
ӻ: [3,1,0,3,1,0]
⎑: [3,1,0,3,0,4]
⌮: [3,1,0,3,0,3]
⋚: [3,1,0,3,0,2]
ḋ: [3,1,0,3,0,1]
⁘: [3,1,0,3,0,0,4]
╘: [3,1,0,3,0,0,3]
”: [3,1,0,3,0,0,2]
•: [3,1,0,3,0,0,1]
с: [3,1,0,3,0,0,0]
☙: [3,1,0,2]
╠: [3,1,0,1]
Ξ: [3,1,0,0]
Ƕ: [3,0,4,4]
‹: [3,0,4,3]
Ḻ: [3,0,4,2]
ṙ: [3,0,4,1,4]
−: [3,0,4,1,3]
ņ: [3,0,4,1,2]
♥: [3,0,4,1,1]
Ł: [3,0,4,1,0]
╥: [3,0,4,0,4]
⍸: [3,0,4,0,3]
Ŝ: [3,0,4,0,2]
⹁: [3,0,4,0,1]
⋄: [3,0,4,0,0]
☢: [3,0,3,4]
Ḇ: [3,0,3,3]
ǉ: [3,0,3,2,4]
⇏: [3,0,3,2,3]
‱: [3,0,3,2,2,4]
☱: [3,0,3,2,2,3]
ѧ: [3,0,3,2,2,2]
⌀: [3,0,3,2,2,1]
Ỷ: [3,0,3,2,2,0]
Ᵽ: [3,0,3,2,1]
Ż: [3,0,3,2,0,4]
Ǐ: [3,0,3,2,0,3]
┧: [3,0,3,2,0,2]
¹: [3,0,3,2,0,1]
∱: [3,0,3,2,0,0]
Ǣ: [3,0,3,1,4]
◿: [3,0,3,1,3]
ό: [3,0,3,1,2]
⍅: [3,0,3,1,1]
↠: [3,0,3,1,0,4]
′: [3,0,3,1,0,3]
⚓: [3,0,3,1,0,2]
⹚: [3,0,3,1,0,1]
▫: [3,0,3,1,0,0,4]
∇: [3,0,3,1,0,0,3]
Ϛ: [3,0,3,1,0,0,2]
נ: [3,0,3,1,0,0,1]
⅀: [3,0,3,1,0,0,0]
Ȼ: [3,0,3,0,4]
⏈: [3,0,3,0,3,4]
Ė: [3,0,3,0,3,3]
0: [3,0,3,0,3,2]
ǩ: [3,0,3,0,3,1]
ƚ: [3,0,3,0,3,0]
⇚: [3,0,3,0,2,4]
⎌: [3,0,3,0,2,3]
☀: [3,0,3,0,2,2]
r: [3,0,3,0,2,1]
ƣ: [3,0,3,0,2,0]
⚽: [3,0,3,0,1,4]
Ẽ: [3,0,3,0,1,3]
≪: [3,0,3,0,1,2]
Ⱪ: [3,0,3,0,1,1]
Ỉ: [3,0,3,0,1,0,4]
⹉: [3,0,3,0,1,0,3]
ỷ: [3,0,3,0,1,0,2]
⊢: [3,0,3,0,1,0,1]
≳: [3,0,3,0,1,0,0]
╇: [3,0,3,0,0]
⹀: [3,0,2,4]
Ǎ: [3,0,2,3]
Ȅ: [3,0,2,2]
≋: [3,0,2,1,4]
⍏: [3,0,2,1,3]
‑: [3,0,2,1,2,4]
▼: [3,0,2,1,2,3]
∕: [3,0,2,1,2,2]
П: [3,0,2,1,2,1]
Ŕ: [3,0,2,1,2,0]
⸛: [3,0,2,1,1,4]
ḃ: [3,0,2,1,1,3]
ǯ: [3,0,2,1,1,2]
☹: [3,0,2,1,1,1]
▿: [3,0,2,1,1,0]
¶: [3,0,2,1,0]
ủ: [3,0,2,0,4]
↓: [3,0,2,0,3]
Е: [3,0,2,0,2,4]
Ҧ: [3,0,2,0,2,3]
⸄: [3,0,2,0,2,2]
⸎: [3,0,2,0,2,1]
ƀ: [3,0,2,0,2,0]
⋧: [3,0,2,0,1,4]
⁊: [3,0,2,0,1,3]
.: [3,0,2,0,1,2]
◀: [3,0,2,0,1,1]
Ƴ: [3,0,2,0,1,0,4]
┈: [3,0,2,0,1,0,3]
ύ: [3,0,2,0,1,0,2]
⍌: [3,0,2,0,1,0,1]
⏮: [3,0,2,0,1,0,0]
‖: [3,0,2,0,0]
℞: [3,0,1,4]
ℿ: [3,0,1,3,4]
∙: [3,0,1,3,3]
Ӟ: [3,0,1,3,2]
׳: [3,0,1,3,1,4]
Ȕ: [3,0,1,3,1,3]
Ỻ: [3,0,1,3,1,2]
∘: [3,0,1,3,1,1]
▲: [3,0,1,3,1,0]
´: [3,0,1,3,0]
⎿: [3,0,1,2,4]
ƞ: [3,0,1,2,3]
⊬: [3,0,1,2,2,4]
♾: [3,0,1,2,2,3]
⍧: [3,0,1,2,2,2]
⍻: [3,0,1,2,2,1]
◽: [3,0,1,2,2,0]
Ǔ: [3,0,1,2,1,4]
╂: [3,0,1,2,1,3]
″: [3,0,1,2,1,2]
⛋: [3,0,1,2,1,1]
ҷ: [3,0,1,2,1,0]
↴: [3,0,1,2,0,4]
⊏: [3,0,1,2,0,3]
⇒: [3,0,1,2,0,2]
Ɑ: [3,0,1,2,0,1]
≥: [3,0,1,2,0,0]
⎭: [3,0,1,1,4]
Р: [3,0,1,1,3]
Ǡ: [3,0,1,1,2]
‶: [3,0,1,1,1]
ҕ: [3,0,1,1,0]
ð: [3,0,1,0]
↫: [3,0,0,4]
⋍: [3,0,0,3,4]
⚍: [3,0,0,3,3,4]
≼: [3,0,0,3,3,3]
⋢: [3,0,0,3,3,2]
F: [3,0,0,3,3,1]
☋: [3,0,0,3,3,0]
⸽: [3,0,0,3,2]
ƾ: [3,0,0,3,1,4]
⌜: [3,0,0,3,1,3]
⊯: [3,0,0,3,1,2]
⛟: [3,0,0,3,1,1]
⸫: [3,0,0,3,1,0]
Ć: [3,0,0,3,0,4]
⚃: [3,0,0,3,0,3]
ֺ: [3,0,0,3,0,2]
Г: [3,0,0,3,0,1,4]
Ӈ: [3,0,0,3,0,1,3]
ĳ: [3,0,0,3,0,1,2]
⎬: [3,0,0,3,0,1,1]
┞: [3,0,0,3,0,1,0]
ấ: [3,0,0,3,0,0,4]
⏌: [3,0,0,3,0,0,3]
╮: [3,0,0,3,0,0,2]
ͼ: [3,0,0,3,0,0,1]
ṷ: [3,0,0,3,0,0,0]
Ɫ: [3,0,0,2,4]
⋤: [3,0,0,2,3]
ĥ: [3,0,0,2,2]
⎂: [3,0,0,2,1,4]
Ћ: [3,0,0,2,1,3]
⎲: [3,0,0,2,1,2]
Ȩ: [3,0,0,2,1,1]
о: [3,0,0,2,1,0,4]
╝: [3,0,0,2,1,0,3]
ѿ: [3,0,0,2,1,0,2]
⸭: [3,0,0,2,1,0,1]
ǿ: [3,0,0,2,1,0,0]
Ḷ: [3,0,0,2,0,4]
ℵ: [3,0,0,2,0,3]
õ: [3,0,0,2,0,2,4]
ɉ: [3,0,0,2,0,2,3]
⏳: [3,0,0,2,0,2,2]
Ẩ: [3,0,0,2,0,2,1]
┊: [3,0,0,2,0,2,0]
♓: [3,0,0,2,0,1,4]
š: [3,0,0,2,0,1,3]
ℙ: [3,0,0,2,0,1,2]
ג: [3,0,0,2,0,1,1]
ם: [3,0,0,2,0,1,0]
≘: [3,0,0,2,0,0,4]
ṳ: [3,0,0,2,0,0,3]
Ҽ: [3,0,0,2,0,0,2]
ḫ: [3,0,0,2,0,0,1]
≺: [3,0,0,2,0,0,0]
♱: [3,0,0,1,4]
ⱪ: [3,0,0,1,3]
◂: [3,0,0,1,2,4]
¸: [3,0,0,1,2,3]
ặ: [3,0,0,1,2,2]
≙: [3,0,0,1,2,1]
ṯ: [3,0,0,1,2,0,4]
⚩: [3,0,0,1,2,0,3]
Ắ: [3,0,0,1,2,0,2]
ɂ: [3,0,0,1,2,0,1]
ⱡ: [3,0,0,1,2,0,0]
ℸ: [3,0,0,1,1,4]
ѫ: [3,0,0,1,1,3]
ℒ: [3,0,0,1,1,2,4]
У: [3,0,0,1,1,2,3]
⏹: [3,0,0,1,1,2,2]
⋒: [3,0,0,1,1,2,1]
☄: [3,0,0,1,1,2,0]
♕: [3,0,0,1,1,1,4]
D: [3,0,0,1,1,1,3]
≏: [3,0,0,1,1,1,2]
ẜ: [3,0,0,1,1,1,1]
⊕: [3,0,0,1,1,1,0]
Ҩ: [3,0,0,1,1,0,4]
֠: [3,0,0,1,1,0,3]
Ӝ: [3,0,0,1,1,0,2]
◤: [3,0,0,1,1,0,1]
╫: [3,0,0,1,1,0,0]
⍭: [3,0,0,1,0,4]
〈: [3,0,0,1,0,3,4]
±: [3,0,0,1,0,3,3]
ḁ: [3,0,0,1,0,3,2]
☏: [3,0,0,1,0,3,1]
☮: [3,0,0,1,0,3,0]
■: [3,0,0,1,0,2]
▱: [3,0,0,1,0,1]
☺: [3,0,0,1,0,0]
⁁: [3,0,0,0]
Ġ: [2,4]
≡: [2,3,4]
f: [2,3,3]
⍱: [2,3,2,4]
⌌: [2,3,2,3]
◮: [2,3,2,2,4]
Ν: [2,3,2,2,3]
┦: [2,3,2,2,2]
◞: [2,3,2,2,1]
č: [2,3,2,2,0]
↪: [2,3,2,1,4]
ẍ: [2,3,2,1,3]
⅊: [2,3,2,1,2,4]
ḵ: [2,3,2,1,2,3]
⸂: [2,3,2,1,2,2]
⏙: [2,3,2,1,2,1]
ō: [2,3,2,1,2,0]
^: [2,3,2,1,1,4]
ҫ: [2,3,2,1,1,3]
⋶: [2,3,2,1,1,2]
↡: [2,3,2,1,1,1]
⍁: [2,3,2,1,1,0]
Ẑ: [2,3,2,1,0,4]
װ: [2,3,2,1,0,3]
ֻ: [2,3,2,1,0,2]
♡: [2,3,2,1,0,1]
ⱸ: [2,3,2,1,0,0]
⏅: [2,3,2,0,4]
◫: [2,3,2,0,3,4]
Ļ: [2,3,2,0,3,3]
Ạ: [2,3,2,0,3,2]
♵: [2,3,2,0,3,1]
þ: [2,3,2,0,3,0]
⌉: [2,3,2,0,2]
ⱨ: [2,3,2,0,1]
Ʌ: [2,3,2,0,0]
Ń: [2,3,1,4]
≁: [2,3,1,3]
⎏: [2,3,1,2,4]
‿: [2,3,1,2,3]
ξ: [2,3,1,2,2]
Й: [2,3,1,2,1,4]
Ṇ: [2,3,1,2,1,3]
⛁: [2,3,1,2,1,2]
⋠: [2,3,1,2,1,1]
ҩ: [2,3,1,2,1,0]
╔: [2,3,1,2,0,4]
⇓: [2,3,1,2,0,3]
‼: [2,3,1,2,0,2]
Χ: [2,3,1,2,0,1]
ױ: [2,3,1,2,0,0]
╞: [2,3,1,1,4]
⹒: [2,3,1,1,3,4]
ȱ: [2,3,1,1,3,3]
⇠: [2,3,1,1,3,2]
»: [2,3,1,1,3,1]
Ι: [2,3,1,1,3,0]
⁏: [2,3,1,1,2,4]
⚇: [2,3,1,1,2,3]
Ũ: [2,3,1,1,2,2]
ע: [2,3,1,1,2,1]
đ: [2,3,1,1,2,0]
¤: [2,3,1,1,1,4]
⸲: [2,3,1,1,1,3]
ą: [2,3,1,1,1,2]
⌣: [2,3,1,1,1,1]
∶: [2,3,1,1,1,0]
Ḭ: [2,3,1,1,0]
◆: [2,3,1,0]
∸: [2,3,0,4]
Ď: [2,3,0,3,4]
⌸: [2,3,0,3,3]
↚: [2,3,0,3,2,4]
⸬: [2,3,0,3,2,3]
҅: [2,3,0,3,2,2]
⌇: [2,3,0,3,2,1]
↕: [2,3,0,3,2,0]
ⱻ: [2,3,0,3,1,4]
Ѐ: [2,3,0,3,1,3]
⏄: [2,3,0,3,1,2]
Ә: [2,3,0,3,1,1]
⎇: [2,3,0,3,1,0]
⚤: [2,3,0,3,0]
☷: [2,3,0,2,4]
8: [2,3,0,2,3]
⛔: [2,3,0,2,2,4]
È: [2,3,0,2,2,3]
ỏ: [2,3,0,2,2,2]
⇋: [2,3,0,2,2,1]
Ҷ: [2,3,0,2,2,0]
ΰ: [2,3,0,2,1,4]
Ȥ: [2,3,0,2,1,3]
Ǭ: [2,3,0,2,1,2]
Ů: [2,3,0,2,1,1]
ё: [2,3,0,2,1,0]
Ӽ: [2,3,0,2,0]
‰: [2,3,0,1,4]
©: [2,3,0,1,3]
Ỡ: [2,3,0,1,2,4]
≐: [2,3,0,1,2,3]
ѽ: [2,3,0,1,2,2]
ĉ: [2,3,0,1,2,1]
♭: [2,3,0,1,2,0]
⚄: [2,3,0,1,1,4]
ȑ: [2,3,0,1,1,3]
⋡: [2,3,0,1,1,2]
N: [2,3,0,1,1,1]
Ⅎ: [2,3,0,1,1,0]
▮: [2,3,0,1,0]
≌: [2,3,0,0]
ц: [2,2,4]
↼: [2,2,3]
ṁ: [2,2,2,4]
#: [2,2,2,3]
┤: [2,2,2,2]
⎤: [2,2,2,1,4]
ẘ: [2,2,2,1,3]
ȸ: [2,2,2,1,2,4]
ש: [2,2,2,1,2,3]
⚣: [2,2,2,1,2,2]
Ɔ: [2,2,2,1,2,1]
‴: [2,2,2,1,2,0]
┏: [2,2,2,1,1,4]
): [2,2,2,1,1,3]
֝: [2,2,2,1,1,2]
⛱: [2,2,2,1,1,1]
ⱷ: [2,2,2,1,1,0]
⛹: [2,2,2,1,0,4]
⌢: [2,2,2,1,0,3]
⁃: [2,2,2,1,0,2]
ח: [2,2,2,1,0,1]
ℛ: [2,2,2,1,0,0]
┠: [2,2,2,0,4]
ḟ: [2,2,2,0,3]
÷: [2,2,2,0,2]
ǘ: [2,2,2,0,1,4]
Ị: [2,2,2,0,1,3]
Ð: [2,2,2,0,1,2]
ų: [2,2,2,0,1,1]
⛎: [2,2,2,0,1,0]
Ң: [2,2,2,0,0,4]
ℌ: [2,2,2,0,0,3]
Ḧ: [2,2,2,0,0,2]
◸: [2,2,2,0,0,1]
⁂: [2,2,2,0,0,0]
Ṁ: [2,2,1,4]
ⱴ: [2,2,1,3,4]
Ţ: [2,2,1,3,3]
⚯: [2,2,1,3,2,4]
⁆: [2,2,1,3,2,3]
ķ: [2,2,1,3,2,2]
⚶: [2,2,1,3,2,1]
ӊ: [2,2,1,3,2,0]
Ζ: [2,2,1,3,1,4]
ӳ: [2,2,1,3,1,3]
⸶: [2,2,1,3,1,2]
☐: [2,2,1,3,1,1]
☃: [2,2,1,3,1,0]
⚫: [2,2,1,3,0,4]
☒: [2,2,1,3,0,3]
:: [2,2,1,3,0,2]
Ṙ: [2,2,1,3,0,1]
▻: [2,2,1,3,0,0]
U: [2,2,1,2,4]
⏀: [2,2,1,2,3]
Ό: [2,2,1,2,2]
Ɽ: [2,2,1,2,1,4]
Ž: [2,2,1,2,1,3]
—: [2,2,1,2,1,2]
Ь: [2,2,1,2,1,1]
┰: [2,2,1,2,1,0]
R: [2,2,1,2,0,4]
Ç: [2,2,1,2,0,3]
≠: [2,2,1,2,0,2]
⚥: [2,2,1,2,0,1]
⏒: [2,2,1,2,0,0]
Š: [2,2,1,1,4]
⋈: [2,2,1,1,3]
Ǒ: [2,2,1,1,2,4]
⇄: [2,2,1,1,2,3]
ǋ: [2,2,1,1,2,2]
ь: [2,2,1,1,2,1]
ḧ: [2,2,1,1,2,0]
А: [2,2,1,1,1,4]
┻: [2,2,1,1,1,3]
Ṫ: [2,2,1,1,1,2]
ầ: [2,2,1,1,1,1]
⊾: [2,2,1,1,1,0]
⇟: [2,2,1,1,0,4]
ΐ: [2,2,1,1,0,3]
ḛ: [2,2,1,1,0,2]
': [2,2,1,1,0,1]
●: [2,2,1,1,0,0,4]
↾: [2,2,1,1,0,0,3]
Ɍ: [2,2,1,1,0,0,2]
Ұ: [2,2,1,1,0,0,1]
Ḵ: [2,2,1,1,0,0,0]
ḇ: [2,2,1,0]
╊: [2,2,0,4]
⸹: [2,2,0,3,4]
Y: [2,2,0,3,3,4]
ρ: [2,2,0,3,3,3]
⏗: [2,2,0,3,3,2]
Α: [2,2,0,3,3,1]
ṥ: [2,2,0,3,3,0]
;: [2,2,0,3,2,4]
Ε: [2,2,0,3,2,3]
≨: [2,2,0,3,2,2]
⸰: [2,2,0,3,2,1]
⹈: [2,2,0,3,2,0]
й: [2,2,0,3,1,4]
⇀: [2,2,0,3,1,3]
◑: [2,2,0,3,1,2]
⎕: [2,2,0,3,1,1]
⛍: [2,2,0,3,1,0]
Ʈ: [2,2,0,3,0]
ϡ: [2,2,0,2,4]
▩: [2,2,0,2,3]
⇺: [2,2,0,2,2]
Һ: [2,2,0,2,1,4]
☵: [2,2,0,2,1,3]
⌤: [2,2,0,2,1,2]
⌳: [2,2,0,2,1,1]
∆: [2,2,0,2,1,0]
≅: [2,2,0,2,0,4]
⎐: [2,2,0,2,0,3]
⊼: [2,2,0,2,0,2]
⸨: [2,2,0,2,0,1]
ѻ: [2,2,0,2,0,0]
℁: [2,2,0,1,4]
⏃: [2,2,0,1,3,4]
ư: [2,2,0,1,3,3]
ǎ: [2,2,0,1,3,2]
Ӄ: [2,2,0,1,3,1]
Ṟ: [2,2,0,1,3,0]
⇨: [2,2,0,1,2,4]
↦: [2,2,0,1,2,3]
⛡: [2,2,0,1,2,2]
¾: [2,2,0,1,2,1]
Ṻ: [2,2,0,1,2,0]
⸱: [2,2,0,1,1,4]
⌔: [2,2,0,1,1,3]
⋊: [2,2,0,1,1,2]
ҧ: [2,2,0,1,1,1]
Ṵ: [2,2,0,1,1,0,4]
┟: [2,2,0,1,1,0,3]
Ỵ: [2,2,0,1,1,0,2]
⌿: [2,2,0,1,1,0,1]
╖: [2,2,0,1,1,0,0]
⍂: [2,2,0,1,0,4]
ỉ: [2,2,0,1,0,3]
Ѿ: [2,2,0,1,0,2]
ƶ: [2,2,0,1,0,1]
µ: [2,2,0,1,0,0]
⇴: [2,2,0,0,4]
Ŷ: [2,2,0,0,3]
ƽ: [2,2,0,0,2,4]
◶: [2,2,0,0,2,3]
⛧: [2,2,0,0,2,2]
⸟: [2,2,0,0,2,1]
ẳ: [2,2,0,0,2,0,4]
®: [2,2,0,0,2,0,3]
⋃: [2,2,0,0,2,0,2]
⸌: [2,2,0,0,2,0,1]
⇙: [2,2,0,0,2,0,0]
Ɗ: [2,2,0,0,1,4]
Ṑ: [2,2,0,0,1,3]
⊂: [2,2,0,0,1,2]
ή: [2,2,0,0,1,1,4]
⅍: [2,2,0,0,1,1,3]
Ě: [2,2,0,0,1,1,2]
╆: [2,2,0,0,1,1,1]
♮: [2,2,0,0,1,1,0]
⇔: [2,2,0,0,1,0,4]
☞: [2,2,0,0,1,0,3]
s: [2,2,0,0,1,0,2]
‸: [2,2,0,0,1,0,1]
Ấ: [2,2,0,0,1,0,0]
ℬ: [2,2,0,0,0]
à: [2,1,4]
◄: [2,1,3,4]
☩: [2,1,3,3]
╺: [2,1,3,2,4]
∯: [2,1,3,2,3]
┵: [2,1,3,2,2,4]
⁛: [2,1,3,2,2,3]
ȅ: [2,1,3,2,2,2]
⛖: [2,1,3,2,2,1]
א: [2,1,3,2,2,0]
Ȧ: [2,1,3,2,1,4]
֖: [2,1,3,2,1,3]
◩: [2,1,3,2,1,2]
⌱: [2,1,3,2,1,1]
℆: [2,1,3,2,1,0]
⚉: [2,1,3,2,0,4]
⍙: [2,1,3,2,0,3]
∊: [2,1,3,2,0,2]
ℝ: [2,1,3,2,0,1]
Í: [2,1,3,2,0,0]
◝: [2,1,3,1,4]
⚬: [2,1,3,1,3,4]
Ȫ: [2,1,3,1,3,3]
∗: [2,1,3,1,3,2]
Ħ: [2,1,3,1,3,1]
Ѹ: [2,1,3,1,3,0]
┆: [2,1,3,1,2,4]
?: [2,1,3,1,2,3]
↹: [2,1,3,1,2,2]
ẇ: [2,1,3,1,2,1]
Ѯ: [2,1,3,1,2,0]
Ĝ: [2,1,3,1,1,4]
ƅ: [2,1,3,1,1,3]
ƍ: [2,1,3,1,1,2]
á: [2,1,3,1,1,1]
▬: [2,1,3,1,1,0]
⎔: [2,1,3,1,0]
֛: [2,1,3,0,4]
╜: [2,1,3,0,3]
ợ: [2,1,3,0,2,4]
≸: [2,1,3,0,2,3]
γ: [2,1,3,0,2,2]
j: [2,1,3,0,2,1]
⌒: [2,1,3,0,2,0]
◱: [2,1,3,0,1,4]
ϲ: [2,1,3,0,1,3]
⎄: [2,1,3,0,1,2]
ź: [2,1,3,0,1,1]
ӗ: [2,1,3,0,1,0]
ҹ: [2,1,3,0,0]
ә: [2,1,2,4]
⸢: [2,1,2,3,4]
Ƒ: [2,1,2,3,3]
η: [2,1,2,3,2]
х: [2,1,2,3,1]
a: [2,1,2,3,0]
²: [2,1,2,2,4]
ş: [2,1,2,2,3]
ℹ: [2,1,2,2,2,4]
♝: [2,1,2,2,2,3]
ǀ: [2,1,2,2,2,2]
┉: [2,1,2,2,2,1]
ң: [2,1,2,2,2,0]
⸩: [2,1,2,2,1,4]
ȯ: [2,1,2,2,1,3]
⌰: [2,1,2,2,1,2]
є: [2,1,2,2,1,1]
§: [2,1,2,2,1,0]
Ữ: [2,1,2,2,0]
ƪ: [2,1,2,1,4]
▯: [2,1,2,1,3]
ς: [2,1,2,1,2,4]
ℇ: [2,1,2,1,2,3]
ǔ: [2,1,2,1,2,2]
һ: [2,1,2,1,2,1]
ℴ: [2,1,2,1,2,0]
Ϥ: [2,1,2,1,1,4]
☫: [2,1,2,1,1,3]
ṭ: [2,1,2,1,1,2]
⋜: [2,1,2,1,1,1]
☸: [2,1,2,1,1,0]
↔: [2,1,2,1,0,4]
ϭ: [2,1,2,1,0,3]
⁐: [2,1,2,1,0,2]
O: [2,1,2,1,0,1]
⎧: [2,1,2,1,0,0,4]
≟: [2,1,2,1,0,0,3]
Ɨ: [2,1,2,1,0,0,2]
ӎ: [2,1,2,1,0,0,1]
ּ: [2,1,2,1,0,0,0]
╵: [2,1,2,0,4]
∴: [2,1,2,0,3]
–: [2,1,2,0,2,4]
Ẅ: [2,1,2,0,2,3]
≗: [2,1,2,0,2,2]
ḗ: [2,1,2,0,2,1]
℣: [2,1,2,0,2,0]
┭: [2,1,2,0,1,4]
ậ: [2,1,2,0,1,3]
⇂: [2,1,2,0,1,2]
⸵: [2,1,2,0,1,1]
Ṭ: [2,1,2,0,1,0,4]
⏱: [2,1,2,0,1,0,3]
ṟ: [2,1,2,0,1,0,2]
∮: [2,1,2,0,1,0,1]
ŕ: [2,1,2,0,1,0,0]
◷: [2,1,2,0,0]
В: [2,1,1,4]
£: [2,1,1,3,4]
p: [2,1,1,3,3]
ת: [2,1,1,3,2]
ī: [2,1,1,3,1]
Ē: [2,1,1,3,0]
ϯ: [2,1,1,2,4]
…: [2,1,1,2,3]
⚐: [2,1,1,2,2]
ӵ: [2,1,1,2,1,4]
⸼: [2,1,1,2,1,3]
Ǫ: [2,1,1,2,1,2]
=: [2,1,1,2,1,1]
┚: [2,1,1,2,1,0]
⋺: [2,1,1,2,0,4]
♗: [2,1,1,2,0,3]
╏: [2,1,1,2,0,2]
Ľ: [2,1,1,2,0,1]
ċ: [2,1,1,2,0,0,4]
⍛: [2,1,1,2,0,0,3]
Қ: [2,1,1,2,0,0,2]
ṫ: [2,1,1,2,0,0,1]
◰: [2,1,1,2,0,0,0]
X: [2,1,1,1,4]
♟: [2,1,1,1,3]
∧: [2,1,1,1,2,4]
┱: [2,1,1,1,2,3]
⛰: [2,1,1,1,2,2]
Ǆ: [2,1,1,1,2,1]
┪: [2,1,1,1,2,0]
⹔: [2,1,1,1,1,4]
╒: [2,1,1,1,1,3]
⏓: [2,1,1,1,1,2]
ְ: [2,1,1,1,1,1]
ǡ: [2,1,1,1,1,0]
⎉: [2,1,1,1,0,4]
ℯ: [2,1,1,1,0,3]
ẫ: [2,1,1,1,0,2]
ƃ: [2,1,1,1,0,1]
ȍ: [2,1,1,1,0,0,4]
⍣: [2,1,1,1,0,0,3]
⇰: [2,1,1,1,0,0,2]
℩: [2,1,1,1,0,0,1]
ȼ: [2,1,1,1,0,0,0]
▢: [2,1,1,0,4]
⍪: [2,1,1,0,3]
⋪: [2,1,1,0,2]
ƴ: [2,1,1,0,1,4]
ℋ: [2,1,1,0,1,3]
ƨ: [2,1,1,0,1,2]
ẅ: [2,1,1,0,1,1,4]
⇫: [2,1,1,0,1,1,3]
э: [2,1,1,0,1,1,2]
♄: [2,1,1,0,1,1,1]
u: [2,1,1,0,1,1,0]
∭: [2,1,1,0,1,0,4]
♃: [2,1,1,0,1,0,3]
ǹ: [2,1,1,0,1,0,2]
⇆: [2,1,1,0,1,0,1]
≽: [2,1,1,0,1,0,0]
⍎: [2,1,1,0,0]
Ğ: [2,1,0,4]
ο: [2,1,0,3,4]
⁖: [2,1,0,3,3]
⛛: [2,1,0,3,2]
Ự: [2,1,0,3,1]
⋋: [2,1,0,3,0]
↶: [2,1,0,2,4]
♐: [2,1,0,2,3,4]
℀: [2,1,0,2,3,3]
צ: [2,1,0,2,3,2]
⎣: [2,1,0,2,3,1]
Ṓ: [2,1,0,2,3,0]
Ѽ: [2,1,0,2,2]
Ű: [2,1,0,2,1,4]
Ϻ: [2,1,0,2,1,3]
ú: [2,1,0,2,1,2]
ë: [2,1,0,2,1,1]
∌: [2,1,0,2,1,0,4]
·: [2,1,0,2,1,0,3]
⍊: [2,1,0,2,1,0,2]
⚗: [2,1,0,2,1,0,1]
¬: [2,1,0,2,1,0,0]
☛: [2,1,0,2,0,4]
◇: [2,1,0,2,0,3]
Ḡ: [2,1,0,2,0,2]
ײ: [2,1,0,2,0,1,4]
Ͻ: [2,1,0,2,0,1,3]
K: [2,1,0,2,0,1,2]
∥: [2,1,0,2,0,1,1]
н: [2,1,0,2,0,1,0]
Ʉ: [2,1,0,2,0,0,4]
⍹: [2,1,0,2,0,0,3]
≃: [2,1,0,2,0,0,2]
ⱳ: [2,1,0,2,0,0,1]
┃: [2,1,0,2,0,0,0]
φ: [2,1,0,1,4]
⎹: [2,1,0,1,3]
ז: [2,1,0,1,2,4]
ǚ: [2,1,0,1,2,3]
֡: [2,1,0,1,2,2]
Ỳ: [2,1,0,1,2,1]
⸊: [2,1,0,1,2,0]
Ρ: [2,1,0,1,1,4]
┎: [2,1,0,1,1,3]
ṋ: [2,1,0,1,1,2]
╌: [2,1,0,1,1,1,4]
≫: [2,1,0,1,1,1,3]
ѥ: [2,1,0,1,1,1,2]
Ϧ: [2,1,0,1,1,1,1]
Є: [2,1,0,1,1,1,0]
ệ: [2,1,0,1,1,0,4]
⚮: [2,1,0,1,1,0,3]
ɋ: [2,1,0,1,1,0,2]
☾: [2,1,0,1,1,0,1]
⍥: [2,1,0,1,1,0,0]
Ө: [2,1,0,1,0,4]
ắ: [2,1,0,1,0,3]
Ḃ: [2,1,0,1,0,2,4]
Å: [2,1,0,1,0,2,3]
↽: [2,1,0,1,0,2,2]
℄: [2,1,0,1,0,2,1]
⸣: [2,1,0,1,0,2,0]
Ŏ: [2,1,0,1,0,1,4]
┌: [2,1,0,1,0,1,3]
◻: [2,1,0,1,0,1,2]
џ: [2,1,0,1,0,1,1]
⌨: [2,1,0,1,0,1,0]
": [2,1,0,1,0,0]
↝: [2,1,0,0,4]
♴: [2,1,0,0,3,4]
⇐: [2,1,0,0,3,3]
Ӳ: [2,1,0,0,3,2]
⛽: [2,1,0,0,3,1]
⊌: [2,1,0,0,3,0]
ṅ: [2,1,0,0,2,4]
ק: [2,1,0,0,2,3]
Ќ: [2,1,0,0,2,2]
⍍: [2,1,0,0,2,1,4]
⏸: [2,1,0,0,2,1,3]
ֲ: [2,1,0,0,2,1,2]
К: [2,1,0,0,2,1,1]
⋽: [2,1,0,0,2,1,0]
☤: [2,1,0,0,2,0,4]
Ʋ: [2,1,0,0,2,0,3]
≍: [2,1,0,0,2,0,2]
ȴ: [2,1,0,0,2,0,1]
◃: [2,1,0,0,2,0,0]
ẓ: [2,1,0,0,1,4]
⏑: [2,1,0,0,1,3]
☟: [2,1,0,0,1,2,4]
ҳ: [2,1,0,0,1,2,3]
⎟: [2,1,0,0,1,2,2]
╃: [2,1,0,0,1,2,1]
Ҹ: [2,1,0,0,1,2,0]
ж: [2,1,0,0,1,1,4]
♧: [2,1,0,0,1,1,3]
é: [2,1,0,0,1,1,2]
⎨: [2,1,0,0,1,1,1]
⛬: [2,1,0,0,1,1,0]
Ⱦ: [2,1,0,0,1,0]
Ÿ: [2,1,0,0,0]
Ϡ: [2,0]
☰: [1,4]
♠: [1,3,4]
⍰: [1,3,3]
⊶: [1,3,2,4]
Ɉ: [1,3,2,3]
⎓: [1,3,2,2,4]
ỿ: [1,3,2,2,3]
⛵: [1,3,2,2,2,4]
Ỹ: [1,3,2,2,2,3]
¨: [1,3,2,2,2,2]
┸: [1,3,2,2,2,1]
ӈ: [1,3,2,2,2,0]
ſ: [1,3,2,2,1,4]
⊠: [1,3,2,2,1,3]
╴: [1,3,2,2,1,2]
⌟: [1,3,2,2,1,1]
ứ: [1,3,2,2,1,0]
⏻: [1,3,2,2,0,4]
≜: [1,3,2,2,0,3]
↧: [1,3,2,2,0,2]
⁎: [1,3,2,2,0,1]
☓: [1,3,2,2,0,0]
╣: [1,3,2,1]
֗: [1,3,2,0,4]
ỗ: [1,3,2,0,3]
ŉ: [1,3,2,0,2]
ṝ: [1,3,2,0,1]
Ϫ: [1,3,2,0,0]
Ϯ: [1,3,1,4]
Ϗ: [1,3,1,3,4]
Ю: [1,3,1,3,3]
ọ: [1,3,1,3,2,4]
⚪: [1,3,1,3,2,3]
ŵ: [1,3,1,3,2,2]
⍖: [1,3,1,3,2,1]
≭: [1,3,1,3,2,0]
Q: [1,3,1,3,1,4]
ḕ: [1,3,1,3,1,3]
⚸: [1,3,1,3,1,2]
⁋: [1,3,1,3,1,1]
⇎: [1,3,1,3,1,0]
î: [1,3,1,3,0,4]
҆: [1,3,1,3,0,3]
⛅: [1,3,1,3,0,2]
⁍: [1,3,1,3,0,1]
┳: [1,3,1,3,0,0]
☼: [1,3,1,2,4]
9: [1,3,1,2,3,4]
Ω: [1,3,1,2,3,3]
⊇: [1,3,1,2,3,2]
Τ: [1,3,1,2,3,1]
ḭ: [1,3,1,2,3,0]
⛼: [1,3,1,2,2,4]
Ù: [1,3,1,2,2,3]
ϝ: [1,3,1,2,2,2]
≈: [1,3,1,2,2,1]
⍿: [1,3,1,2,2,0]
Ȑ: [1,3,1,2,1,4]
ά: [1,3,1,2,1,3]
Ж: [1,3,1,2,1,2]
Ǉ: [1,3,1,2,1,1]
⁇: [1,3,1,2,1,0]
ו: [1,3,1,2,0]
∼: [1,3,1,1,4]
ϻ: [1,3,1,1,3]
⊺: [1,3,1,1,2,4]
┛: [1,3,1,1,2,3]
ế: [1,3,1,1,2,2]
ǃ: [1,3,1,1,2,1]
Ī: [1,3,1,1,2,0]
⛻: [1,3,1,1,1,4]
ׅ: [1,3,1,1,1,3]
ĕ: [1,3,1,1,1,2]
┅: [1,3,1,1,1,1]
▰: [1,3,1,1,1,0]
Ƭ: [1,3,1,1,0]
֫: [1,3,1,0,4]
⏥: [1,3,1,0,3,4]
ͱ: [1,3,1,0,3,3]
Ẳ: [1,3,1,0,3,2]
ѭ: [1,3,1,0,3,1]
↷: [1,3,1,0,3,0]
щ: [1,3,1,0,2]
⋆: [1,3,1,0,1,4]
┩: [1,3,1,0,1,3]
⚙: [1,3,1,0,1,2]
╹: [1,3,1,0,1,1]
ψ: [1,3,1,0,1,0,4]
⏴: [1,3,1,0,1,0,3]
Ύ: [1,3,1,0,1,0,2]
⌍: [1,3,1,0,1,0,1]
⎡: [1,3,1,0,1,0,0]
G: [1,3,1,0,0]
℻: [1,3,0]
⁀: [1,2,4]
⎱: [1,2,3]
⎳: [1,2,2,4]
֕: [1,2,2,3]
Ä: [1,2,2,2,4]
℘: [1,2,2,2,3]
√: [1,2,2,2,2,4]
♹: [1,2,2,2,2,3]
ю: [1,2,2,2,2,2]
⊤: [1,2,2,2,2,1]
Ӊ: [1,2,2,2,2,0]
⎝: [1,2,2,2,1]
Û: [1,2,2,2,0,4]
Ø: [1,2,2,2,0,3]
⌖: [1,2,2,2,0,2]
⚲: [1,2,2,2,0,1]
ѳ: [1,2,2,2,0,0]
Σ: [1,2,2,1,4]
Ò: [1,2,2,1,3]
&: [1,2,2,1,2]
Ǌ: [1,2,2,1,1]
↩: [1,2,2,1,0,4]
ẻ: [1,2,2,1,0,3]
↨: [1,2,2,1,0,2]
℟: [1,2,2,1,0,1]
⌆: [1,2,2,1,0,0,4]
ử: [1,2,2,1,0,0,3]
ū: [1,2,2,1,0,0,2]
а: [1,2,2,1,0,0,1]
Ệ: [1,2,2,1,0,0,0]
Ƞ: [1,2,2,0,4]
⍫: [1,2,2,0,3,4]
°: [1,2,2,0,3,3]
♸: [1,2,2,0,3,2]
è: [1,2,2,0,3,1]
⇘: [1,2,2,0,3,0]
ℶ: [1,2,2,0,2,4]
ẏ: [1,2,2,0,2,3]
┒: [1,2,2,0,2,2]
⏎: [1,2,2,0,2,1]
Ɯ: [1,2,2,0,2,0]
∋: [1,2,2,0,1]
Þ: [1,2,2,0,0]
ѱ: [1,2,1,4]
Ň: [1,2,1,3,4]
Ẇ: [1,2,1,3,3]
Э: [1,2,1,3,2]
ѡ: [1,2,1,3,1,4]
⇛: [1,2,1,3,1,3]
◣: [1,2,1,3,1,2]
◁: [1,2,1,3,1,1]
 : [1,2,1,3,1,0]
⏰: [1,2,1,3,0,4]
ⅈ: [1,2,1,3,0,3]
t: [1,2,1,3,0,2]
☿: [1,2,1,3,0,1]
⛣: [1,2,1,3,0,0]
ѝ: [1,2,1,2,4]
⊖: [1,2,1,2,3]
↟: [1,2,1,2,2]
Ớ: [1,2,1,2,1]
⍉: [1,2,1,2,0,4]
W: [1,2,1,2,0,3]
n: [1,2,1,2,0,2]
∉: [1,2,1,2,0,1]
_: [1,2,1,2,0,0,4]
⎍: [1,2,1,2,0,0,3]
Ӡ: [1,2,1,2,0,0,2]
Ḙ: [1,2,1,2,0,0,1]
⹙: [1,2,1,2,0,0,0]
҃: [1,2,1,1,4]
◹: [1,2,1,1,3,4]
Ȇ: [1,2,1,1,3,3]
ȁ: [1,2,1,1,3,2]
ӝ: [1,2,1,1,3,1]
c: [1,2,1,1,3,0]
≀: [1,2,1,1,2,4]
╻: [1,2,1,1,2,3]
ǟ: [1,2,1,1,2,2]
λ: [1,2,1,1,2,1]
֓: [1,2,1,1,2,0]
⹊: [1,2,1,1,1,4]
⚼: [1,2,1,1,1,3]
⏜: [1,2,1,1,1,2]
Ṏ: [1,2,1,1,1,1]
⸤: [1,2,1,1,1,0]
╗: [1,2,1,1,0,4]
≿: [1,2,1,1,0,3]
≖: [1,2,1,1,0,2]
⊚: [1,2,1,1,0,1]
į: [1,2,1,1,0,0,4]
⎞: [1,2,1,1,0,0,3]
∣: [1,2,1,1,0,0,2]
⇵: [1,2,1,1,0,0,1]
ѓ: [1,2,1,1,0,0,0]
⸐: [1,2,1,0]
Ẵ: [1,2,0,4]
ћ: [1,2,0,3,4]
⌗: [1,2,0,3,3]
⍟: [1,2,0,3,2,4]
⛦: [1,2,0,3,2,3]
╭: [1,2,0,3,2,2]
<: [1,2,0,3,2,1]
ṕ: [1,2,0,3,2,0]
Ɇ: [1,2,0,3,1,4]
м: [1,2,0,3,1,3]
⍒: [1,2,0,3,1,2]
Η: [1,2,0,3,1,1]
ӫ: [1,2,0,3,1,0]
≷: [1,2,0,3,0,4]
⁄: [1,2,0,3,0,3]
⏫: [1,2,0,3,0,2]
⏋: [1,2,0,3,0,1]
Ѣ: [1,2,0,3,0,0]
⇡: [1,2,0,2,4]
♍: [1,2,0,2,3,4]
≧: [1,2,0,2,3,3]
Ọ: [1,2,0,2,3,2]
⚕: [1,2,0,2,3,1]
ℷ: [1,2,0,2,3,0]
⎈: [1,2,0,2,2,4]
æ: [1,2,0,2,2,3]
Γ: [1,2,0,2,2,2]
⸻: [1,2,0,2,2,1]
≎: [1,2,0,2,2,0]
ţ: [1,2,0,2,1,4]
ҵ: [1,2,0,2,1,3]
Ặ: [1,2,0,2,1,2]
ד: [1,2,0,2,1,1]
⅏: [1,2,0,2,1,0,4]
œ: [1,2,0,2,1,0,3]
⍀: [1,2,0,2,1,0,2]
▾: [1,2,0,2,1,0,1]
ƈ: [1,2,0,2,1,0,0]
⇦: [1,2,0,2,0]
ӧ: [1,2,0,1,4]
≂: [1,2,0,1,3]
מ: [1,2,0,1,2,4]
Ҁ: [1,2,0,1,2,3]
♔: [1,2,0,1,2,2]
⎩: [1,2,0,1,2,1]
⌻: [1,2,0,1,2,0,4]
ǖ: [1,2,0,1,2,0,3]
☆: [1,2,0,1,2,0,2]
ß: [1,2,0,1,2,0,1]
⎰: [1,2,0,1,2,0,0]
и: [1,2,0,1,1,4]
‟: [1,2,0,1,1,3]
ҋ: [1,2,0,1,1,2]
℧: [1,2,0,1,1,1,4]
▴: [1,2,0,1,1,1,3]
ӄ: [1,2,0,1,1,1,2]
Ŗ: [1,2,0,1,1,1,1]
њ: [1,2,0,1,1,1,0]
⇽: [1,2,0,1,1,0,4]
♳: [1,2,0,1,1,0,3]
ϧ: [1,2,0,1,1,0,2]
♊: [1,2,0,1,1,0,1]
◜: [1,2,0,1,1,0,0]
ֽ: [1,2,0,1,0,4]
Ү: [1,2,0,1,0,3,4]
⋛: [1,2,0,1,0,3,3]
О: [1,2,0,1,0,3,2]
Ȁ: [1,2,0,1,0,3,1]
⋂: [1,2,0,1,0,3,0]
≞: [1,2,0,1,0,2,4]
֜: [1,2,0,1,0,2,3]
⏠: [1,2,0,1,0,2,2]
♂: [1,2,0,1,0,2,1]
{: [1,2,0,1,0,2,0]
Ă: [1,2,0,1,0,1,4]
╚: [1,2,0,1,0,1,3]
☑: [1,2,0,1,0,1,2]
ṍ: [1,2,0,1,0,1,1]
⍾: [1,2,0,1,0,1,0]
⇍: [1,2,0,1,0,0]
Ḕ: [1,2,0,0]
ő: [1,1,4]
⋔: [1,1,3]
Ѫ: [1,1,2,4]
Ƃ: [1,1,2,3,4]
Ψ: [1,1,2,3,3]
◐: [1,1,2,3,2]
⋸: [1,1,2,3,1]
┘: [1,1,2,3,0,4]
⋓: [1,1,2,3,0,3]
ḳ: [1,1,2,3,0,2]
⸅: [1,1,2,3,0,1]
ŷ: [1,1,2,3,0,0]
Ḛ: [1,1,2,2,4]
Ẹ: [1,1,2,2,3]
◚: [1,1,2,2,2]
֙: [1,1,2,2,1,4]
I: [1,1,2,2,1,3]
Ȯ: [1,1,2,2,1,2]
v: [1,1,2,2,1,1]
╅: [1,1,2,2,1,0]
╛: [1,1,2,2,0]
ṻ: [1,1,2,1,4]
◓: [1,1,2,1,3,4]
Љ: [1,1,2,1,3,3]
ȃ: [1,1,2,1,3,2]
Ḝ: [1,1,2,1,3,1]
י: [1,1,2,1,3,0]
⋱: [1,1,2,1,2,4]
◾: [1,1,2,1,2,3]
Ț: [1,1,2,1,2,2]
╶: [1,1,2,1,2,1]
⸈: [1,1,2,1,2,0]
┋: [1,1,2,1,1]
◬: [1,1,2,1,0,4]
⏛: [1,1,2,1,0,3]
ȉ: [1,1,2,1,0,2]
Ӛ: [1,1,2,1,0,1,4]
Ҭ: [1,1,2,1,0,1,3]
Ū: [1,1,2,1,0,1,2]
Ḩ: [1,1,2,1,0,1,1]
⛶: [1,1,2,1,0,1,0]
Ο: [1,1,2,1,0,0,4]
⍮: [1,1,2,1,0,0,3]
ζ: [1,1,2,1,0,0,2]
ℑ: [1,1,2,1,0,0,1]
Ҡ: [1,1,2,1,0,0,0]
⸉: [1,1,2,0,4]
ŋ: [1,1,2,0,3]
ӱ: [1,1,2,0,2,4]
⛩: [1,1,2,0,2,3]
⸆: [1,1,2,0,2,2]
ǅ: [1,1,2,0,2,1]
⏨: [1,1,2,0,2,0,4]
ű: [1,1,2,0,2,0,3]
◕: [1,1,2,0,2,0,2]
ó: [1,1,2,0,2,0,1]
⋘: [1,1,2,0,2,0,0]
⊞: [1,1,2,0,1]
ϛ: [1,1,2,0,0,4]
≓: [1,1,2,0,0,3]
ס: [1,1,2,0,0,2,4]
ũ: [1,1,2,0,0,2,3]
≣: [1,1,2,0,0,2,2]
ừ: [1,1,2,0,0,2,1]
⛒: [1,1,2,0,0,2,0]
ǲ: [1,1,2,0,0,1,4]
⍼: [1,1,2,0,0,1,3]
▵: [1,1,2,0,0,1,2]
ļ: [1,1,2,0,0,1,1]
ṱ: [1,1,2,0,0,1,0]
⏉: [1,1,2,0,0,0]
⊉: [1,1,1,4]
ℎ: [1,1,1,3]
∝: [1,1,1,2,4]
%: [1,1,1,2,3]
⏔: [1,1,1,2,2,4]
ǝ: [1,1,1,2,2,3]
ӹ: [1,1,1,2,2,2]
⋦: [1,1,1,2,2,1]
⎁: [1,1,1,2,2,0]
ȣ: [1,1,1,2,1,4]
ӡ: [1,1,1,2,1,3]
⇣: [1,1,1,2,1,2]
Ừ: [1,1,1,2,1,1]
ȕ: [1,1,1,2,1,0,4]
ř: [1,1,1,2,1,0,3]
ⅆ: [1,1,1,2,1,0,2]
⎻: [1,1,1,2,1,0,1]
ϐ: [1,1,1,2,1,0,0]
⛞: [1,1,1,2,0,4]
Ŭ: [1,1,1,2,0,3]
⌄: [1,1,1,2,0,2]
Ô: [1,1,1,2,0,1,4]
Ӷ: [1,1,1,2,0,1,3]
ů: [1,1,1,2,0,1,2]
≦: [1,1,1,2,0,1,1]
Ṩ: [1,1,1,2,0,1,0]
ẟ: [1,1,1,2,0,0,4]
└: [1,1,1,2,0,0,3]
◒: [1,1,1,2,0,0,2]
J: [1,1,1,2,0,0,1]
Ȳ: [1,1,1,2,0,0,0]
ֶ: [1,1,1,1,4]
⚎: [1,1,1,1,3]
ḍ: [1,1,1,1,2,4]
ҭ: [1,1,1,1,2,3]
з: [1,1,1,1,2,2]
⎶: [1,1,1,1,2,1]
⋳: [1,1,1,1,2,0,4]
Ơ: [1,1,1,1,2,0,3]
☨: [1,1,1,1,2,0,2]
1: [1,1,1,1,2,0,1]
☴: [1,1,1,1,2,0,0]
ҁ: [1,1,1,1,1,4]
B: [1,1,1,1,1,3]
⏾: [1,1,1,1,1,2]
⌵: [1,1,1,1,1,1]
≇: [1,1,1,1,1,0,4]
Ⱳ: [1,1,1,1,1,0,3]
֘: [1,1,1,1,1,0,2]
♰: [1,1,1,1,1,0,1]
ĵ: [1,1,1,1,1,0,0]
ẑ: [1,1,1,1,0]
Ȃ: [1,1,1,0,4]
⹛: [1,1,1,0,3,4]
⏏: [1,1,1,0,3,3]
ḯ: [1,1,1,0,3,2]
Ḏ: [1,1,1,0,3,1]
⸾: [1,1,1,0,3,0]
Ờ: [1,1,1,0,2,4]
↑: [1,1,1,0,2,3]
Ḽ: [1,1,1,0,2,2]
ϓ: [1,1,1,0,2,1]
╟: [1,1,1,0,2,0,4]
ҽ: [1,1,1,0,2,0,3]
⊑: [1,1,1,0,2,0,2]
ϖ: [1,1,1,0,2,0,1]
♅: [1,1,1,0,2,0,0]
ẙ: [1,1,1,0,1,4]
◲: [1,1,1,0,1,3]
☕: [1,1,1,0,1,2,4]
ӂ: [1,1,1,0,1,2,3]
⎥: [1,1,1,0,1,2,2]
○: [1,1,1,0,1,2,1]
ӽ: [1,1,1,0,1,2,0]
Я: [1,1,1,0,1,1,4]
♪: [1,1,1,0,1,1,3]
ǰ: [1,1,1,0,1,1,2]
┥: [1,1,1,0,1,1,1]
Ⱡ: [1,1,1,0,1,1,0]
⊻: [1,1,1,0,1,0]
ј: [1,1,1,0,0]
ù: [1,1,0]
◨: [1,0,4]
ḡ: [1,0,3,4]
∃: [1,0,3,3,4]
⊩: [1,0,3,3,3]
Ӎ: [1,0,3,3,2]
ẩ: [1,0,3,3,1,4]
п: [1,0,3,3,1,3]
∍: [1,0,3,3,1,2]
ö: [1,0,3,3,1,1]
╧: [1,0,3,3,1,0]
◙: [1,0,3,3,0,4]
Ĭ: [1,0,3,3,0,3]
Ử: [1,0,3,3,0,2]
⊘: [1,0,3,3,0,1]
Ѱ: [1,0,3,3,0,0,4]
☠: [1,0,3,3,0,0,3]
Ẻ: [1,0,3,3,0,0,2]
Ṱ: [1,0,3,3,0,0,1]
ҝ: [1,0,3,3,0,0,0]
İ: [1,0,3,2,4]
Ỽ: [1,0,3,2,3]
⋟: [1,0,3,2,2,4]
⛇: [1,0,3,2,2,3]
⏧: [1,0,3,2,2,2]
⸠: [1,0,3,2,2,1]
ׂ: [1,0,3,2,2,0]
Ǖ: [1,0,3,2,1,4]
⛢: [1,0,3,2,1,3]
⌓: [1,0,3,2,1,2]
⹜: [1,0,3,2,1,1]
>: [1,0,3,2,1,0]
∿: [1,0,3,2,0,4]
Ẃ: [1,0,3,2,0,3]
∹: [1,0,3,2,0,2]
⌷: [1,0,3,2,0,1]
⋀: [1,0,3,2,0,0]
♀: [1,0,3,1,4]
⁔: [1,0,3,1,3]
֨: [1,0,3,1,2]
⍄: [1,0,3,1,1,4]
ƹ: [1,0,3,1,1,3]
Ḹ: [1,0,3,1,1,2]
ȗ: [1,0,3,1,1,1]
р: [1,0,3,1,1,0,4]
◥: [1,0,3,1,1,0,3]
е: [1,0,3,1,1,0,2]
⹝: [1,0,3,1,1,0,1]
⋗: [1,0,3,1,1,0,0]
Ḑ: [1,0,3,1,0,4]
╩: [1,0,3,1,0,3]
ể: [1,0,3,1,0,2,4]
Ș: [1,0,3,1,0,2,3]
⌭: [1,0,3,1,0,2,2]
Ѭ: [1,0,3,1,0,2,1]
⎫: [1,0,3,1,0,2,0]
⛥: [1,0,3,1,0,1,4]
ε: [1,0,3,1,0,1,3]
⊰: [1,0,3,1,0,1,2]
ׁ: [1,0,3,1,0,1,1]
ϼ: [1,0,3,1,0,1,0]
ה: [1,0,3,1,0,0,4]
ґ: [1,0,3,1,0,0,3]
Ṿ: [1,0,3,1,0,0,2]
֥: [1,0,3,1,0,0,1]
∐: [1,0,3,1,0,0,0]
☻: [1,0,3,0,4]
‘: [1,0,3,0,3,4]
Ǘ: [1,0,3,0,3,3]
ͻ: [1,0,3,0,3,2]
⎼: [1,0,3,0,3,1]
Ⱶ: [1,0,3,0,3,0,4]
ȶ: [1,0,3,0,3,0,3]
♣: [1,0,3,0,3,0,2]
Ϋ: [1,0,3,0,3,0,1]
Ɖ: [1,0,3,0,3,0,0]
△: [1,0,3,0,2,4]
◛: [1,0,3,0,2,3]
ȩ: [1,0,3,0,2,2]
Ś: [1,0,3,0,2,1]
҂: [1,0,3,0,2,0,4]
ⱥ: [1,0,3,0,2,0,3]
Ṷ: [1,0,3,0,2,0,2]
Ŋ: [1,0,3,0,2,0,1]
☣: [1,0,3,0,2,0,0]
ữ: [1,0,3,0,1,4]
ϊ: [1,0,3,0,1,3]
⚂: [1,0,3,0,1,2,4]
ү: [1,0,3,0,1,2,3]
◴: [1,0,3,0,1,2,2]
⊧: [1,0,3,0,1,2,1]
◘: [1,0,3,0,1,2,0]
⸕: [1,0,3,0,1,1,4]
Ч: [1,0,3,0,1,1,3]
⇥: [1,0,3,0,1,1,2]
ḓ: [1,0,3,0,1,1,1]
≕: [1,0,3,0,1,1,0]
Ѻ: [1,0,3,0,1,0,4]
Ϭ: [1,0,3,0,1,0,3]
Ť: [1,0,3,0,1,0,2]
⏯: [1,0,3,0,1,0,1]
ẗ: [1,0,3,0,1,0,0]
⍨: [1,0,3,0,0,4]
⏷: [1,0,3,0,0,3,4]
`: [1,0,3,0,0,3,3]
Ӂ: [1,0,3,0,0,3,2]
◼: [1,0,3,0,0,3,1]
⊹: [1,0,3,0,0,3,0]
↖: [1,0,3,0,0,2]
ỡ: [1,0,3,0,0,1]
Ẍ: [1,0,3,0,0,0]
∖: [1,0,2,4]
ǭ: [1,0,2,3]
⋖: [1,0,2,2,4]
♌: [1,0,2,2,3]
⏟: [1,0,2,2,2,4]
ȋ: [1,0,2,2,2,3]
֪: [1,0,2,2,2,2]
ǆ: [1,0,2,2,2,1]
⛈: [1,0,2,2,2,0]
ω: [1,0,2,2,1,4]
⇌: [1,0,2,2,1,3]
⊈: [1,0,2,2,1,2]
♛: [1,0,2,2,1,1]
⎒: [1,0,2,2,1,0]
ă: [1,0,2,2,0,4]
♢: [1,0,2,2,0,3]
}: [1,0,2,2,0,2]
ϗ: [1,0,2,2,0,1,4]
Ϝ: [1,0,2,2,0,1,3]
¿: [1,0,2,2,0,1,2]
⋼: [1,0,2,2,0,1,1]
├: [1,0,2,2,0,1,0]
Ӹ: [1,0,2,2,0,0,4]
╁: [1,0,2,2,0,0,3]
⚖: [1,0,2,2,0,0,2]
ǐ: [1,0,2,2,0,0,1]
֧: [1,0,2,2,0,0,0]
Κ: [1,0,2,1,4]
╰: [1,0,2,1,3]
ḿ: [1,0,2,1,2,4]
Ṃ: [1,0,2,1,2,3]
ѐ: [1,0,2,1,2,2]
Ì: [1,0,2,1,2,1]
╿: [1,0,2,1,2,0,4]
Φ: [1,0,2,1,2,0,3]
⹅: [1,0,2,1,2,0,2]
С: [1,0,2,1,2,0,1]
ƻ: [1,0,2,1,2,0,0]
Ӵ: [1,0,2,1,1,4]
Ṣ: [1,0,2,1,1,3]
Ḍ: [1,0,2,1,1,2]
⇲: [1,0,2,1,1,1,4]
⌹: [1,0,2,1,1,1,3]
҄: [1,0,2,1,1,1,2]
Ȱ: [1,0,2,1,1,1,1]
Ӥ: [1,0,2,1,1,1,0]
⍕: [1,0,2,1,1,0,4]
M: [1,0,2,1,1,0,3]
Ậ: [1,0,2,1,1,0,2]
⛓: [1,0,2,1,1,0,1]
֭: [1,0,2,1,1,0,0]
Ḫ: [1,0,2,1,0,4]
Ə: [1,0,2,1,0,3,4]
⊋: [1,0,2,1,0,3,3]
М: [1,0,2,1,0,3,2]
·: [1,0,2,1,0,3,1]
⊜: [1,0,2,1,0,3,0]
ṡ: [1,0,2,1,0,2,4]
ɍ: [1,0,2,1,0,2,3]
≤: [1,0,2,1,0,2,2]
⇈: [1,0,2,1,0,2,1]
ŗ: [1,0,2,1,0,2,0]
Ş: [1,0,2,1,0,1,4]
⌬: [1,0,2,1,0,1,3]
⚵: [1,0,2,1,0,1,2]
↵: [1,0,2,1,0,1,1]
⚢: [1,0,2,1,0,1,0]
⊎: [1,0,2,1,0,0]
∟: [1,0,2,0,4]
!: [1,0,2,0,3,4]
╕: [1,0,2,0,3,3]
↬: [1,0,2,0,3,2]
Ộ: [1,0,2,0,3,1,4]
ƛ: [1,0,2,0,3,1,3]
⌠: [1,0,2,0,3,1,2]
Ѧ: [1,0,2,0,3,1,1]
⎘: [1,0,2,0,3,1,0]
⌡: [1,0,2,0,3,0,4]
6: [1,0,2,0,3,0,3]
℉: [1,0,2,0,3,0,2]
ʹ: [1,0,2,0,3,0,1]
⸓: [1,0,2,0,3,0,0]
Ω: [1,0,2,0,2,4]
L: [1,0,2,0,2,3]
∺: [1,0,2,0,2,2]
╉: [1,0,2,0,2,1]
⚰: [1,0,2,0,2,0,4]
ν: [1,0,2,0,2,0,3]
⌅: [1,0,2,0,2,0,2]
ќ: [1,0,2,0,2,0,1]
⚟: [1,0,2,0,2,0,0]
⁅: [1,0,2,0,1,4]
V: [1,0,2,0,1,3]
ŀ: [1,0,2,0,1,2]
⇮: [1,0,2,0,1,1,4]
⚌: [1,0,2,0,1,1,3]
ȝ: [1,0,2,0,1,1,2]
╬: [1,0,2,0,1,1,1]
½: [1,0,2,0,1,1,0]
⋏: [1,0,2,0,1,0]
7: [1,0,2,0,0]
ḏ: [1,0,1,4]
д: [1,0,1,3]
Ẏ: [1,0,1,2,4]
⋯: [1,0,1,2,3]
ả: [1,0,1,2,2,4]
☈: [1,0,1,2,2,3]
⍠: [1,0,1,2,2,2]
σ: [1,0,1,2,2,1]
◪: [1,0,1,2,2,0,4]
ȓ: [1,0,1,2,2,0,3]
⚦: [1,0,1,2,2,0,2]
Π: [1,0,1,2,2,0,1]
b: [1,0,1,2,2,0,0]
ֿ: [1,0,1,2,1,4]
⎵: [1,0,1,2,1,3]
3: [1,0,1,2,1,2]
↤: [1,0,1,2,1,1,4]
▶: [1,0,1,2,1,1,3]
ї: [1,0,1,2,1,1,2]
Ƿ: [1,0,1,2,1,1,1]
ỹ: [1,0,1,2,1,1,0]
◔: [1,0,1,2,1,0,4]
Ɵ: [1,0,1,2,1,0,3]
⁌: [1,0,1,2,1,0,2]
ť: [1,0,1,2,1,0,1]
∢: [1,0,1,2,1,0,0]
Ẋ: [1,0,1,2,0,4]
⌘: [1,0,1,2,0,3]
▦: [1,0,1,2,0,2,4]
ϟ: [1,0,1,2,0,2,3]
⎪: [1,0,1,2,0,2,2]
⍬: [1,0,1,2,0,2,1]
Ј: [1,0,1,2,0,2,0]
ӏ: [1,0,1,2,0,1]
⛚: [1,0,1,2,0,0]
⌙: [1,0,1,1,4]
¼: [1,0,1,1,3,4]
⸔: [1,0,1,1,3,3]
⇤: [1,0,1,1,3,2]
Ę: [1,0,1,1,3,1]
☝: [1,0,1,1,3,0,4]
Ғ: [1,0,1,1,3,0,3]
№: [1,0,1,1,3,0,2]
Ў: [1,0,1,1,3,0,1]
ȟ: [1,0,1,1,3,0,0]
→: [1,0,1,1,2,4]
⎮: [1,0,1,1,2,3]
Ĳ: [1,0,1,1,2,2]
Ņ: [1,0,1,1,2,1,4]
⚁: [1,0,1,1,2,1,3]
↣: [1,0,1,1,2,1,2]
Ӱ: [1,0,1,1,2,1,1]
⎾: [1,0,1,1,2,1,0]
Ɒ: [1,0,1,1,2,0,4]
Ṅ: [1,0,1,1,2,0,3]
⍺: [1,0,1,1,2,0,2]
ֳ: [1,0,1,1,2,0,1]
Ƶ: [1,0,1,1,2,0,0]
⇃: [1,0,1,1,1,4]
Ṡ: [1,0,1,1,1,3]
┕: [1,0,1,1,1,2]
⏘: [1,0,1,1,1,1,4]
⹋: [1,0,1,1,1,1,3]
;: [1,0,1,1,1,1,2]
☔: [1,0,1,1,1,1,1]
ҿ: [1,0,1,1,1,1,0]
╪: [1,0,1,1,1,0]
⌂: [1,0,1,1,0]
≻: [1,0,1,0,4]
⇜: [1,0,1,0,3]
⏚: [1,0,1,0,2,4]
ớ: [1,0,1,0,2,3]
Ȍ: [1,0,1,0,2,2,4]
〉: [1,0,1,0,2,2,3]
◟: [1,0,1,0,2,2,2]
∂: [1,0,1,0,2,2,1]
⎽: [1,0,1,0,2,2,0]
⛏: [1,0,1,0,2,1,4]
Ƅ: [1,0,1,0,2,1,3]
Ṯ: [1,0,1,0,2,1,2]
ª: [1,0,1,0,2,1,1]
ĺ: [1,0,1,0,2,1,0]
ⱬ: [1,0,1,0,2,0,4]
⋭: [1,0,1,0,2,0,3]
ӷ: [1,0,1,0,2,0,2]
Ʒ: [1,0,1,0,2,0,1]
⹘: [1,0,1,0,2,0,0]
⚴: [1,0,1,0,1,4]
ⱹ: [1,0,1,0,1,3]
ƌ: [1,0,1,0,1,2,4]
ẵ: [1,0,1,0,1,2,3]
¡: [1,0,1,0,1,2,2]
┲: [1,0,1,0,1,2,1]
Λ: [1,0,1,0,1,2,0]
ǵ: [1,0,1,0,1,1,4]
⇱: [1,0,1,0,1,1,3]
Ĵ: [1,0,1,0,1,1,2]
ϰ: [1,0,1,0,1,1,1]
™: [1,0,1,0,1,1,0]
Ṹ: [1,0,1,0,1,0,4]
∓: [1,0,1,0,1,0,3]
‚: [1,0,1,0,1,0,2]
☬: [1,0,1,0,1,0,1]
ℐ: [1,0,1,0,1,0,0,4]
ף: [1,0,1,0,1,0,0,3]
⹄: [1,0,1,0,1,0,0,2]
ȿ: [1,0,1,0,1,0,0,1]
ӓ: [1,0,1,0,1,0,0,0]
∄: [1,0,1,0,0]
פ: [1,0,0,4]
ɏ: [1,0,0,3,4]
ш: [1,0,0,3,3]
☂: [1,0,0,3,2,4]
Ổ: [1,0,0,3,2,3]
╎: [1,0,0,3,2,2]
⚧: [1,0,0,3,2,1]
Ợ: [1,0,0,3,2,0]
∻: [1,0,0,3,1,4]
◧: [1,0,0,3,1,3]
⛀: [1,0,0,3,1,2,4]
Ḉ: [1,0,0,3,1,2,3]
◺: [1,0,0,3,1,2,2]
⏂: [1,0,0,3,1,2,1]
Ř: [1,0,0,3,1,2,0]
Ó: [1,0,0,3,1,1,4]
ӑ: [1,0,0,3,1,1,3]
⋻: [1,0,0,3,1,1,2]
⇁: [1,0,0,3,1,1,1]
┗: [1,0,0,3,1,1,0]
ך: [1,0,0,3,1,0]
⏆: [1,0,0,3,0,4]
ℰ: [1,0,0,3,0,3]
℅: [1,0,0,3,0,2,4]
⸿: [1,0,0,3,0,2,3]
Ɛ: [1,0,0,3,0,2,2]
Ͳ: [1,0,0,3,0,2,1]
É: [1,0,0,3,0,2,0]
♘: [1,0,0,3,0,1]
ǜ: [1,0,0,3,0,0]
⇭: [1,0,0,2,4]
Ώ: [1,0,0,2,3]
⊟: [1,0,0,2,2,4]
⸀: [1,0,0,2,2,3]
і: [1,0,0,2,2,2]
ɀ: [1,0,0,2,2,1,4]
Ȓ: [1,0,0,2,2,1,3]
⇶: [1,0,0,2,2,1,2]
ẕ: [1,0,0,2,2,1,1]
⛆: [1,0,0,2,2,1,0]
@: [1,0,0,2,2,0,4]
‧: [1,0,0,2,2,0,3]
━: [1,0,0,2,2,0,2]
┯: [1,0,0,2,2,0,1]
Ḁ: [1,0,0,2,2,0,0]
⊣: [1,0,0,2,1,4]
Ѕ: [1,0,0,2,1,3]
⏼: [1,0,0,2,1,2]
Ѳ: [1,0,0,2,1,1,4]
⛭: [1,0,0,2,1,1,3]
Ѵ: [1,0,0,2,1,1,2]
⚔: [1,0,0,2,1,1,1]
┐: [1,0,0,2,1,1,0]
⚹: [1,0,0,2,1,0]
⏺: [1,0,0,2,0,4]
Ở: [1,0,0,2,0,3]
q: [1,0,0,2,0,2,4]
ẁ: [1,0,0,2,0,2,3]
⹖: [1,0,0,2,0,2,2]
ℾ: [1,0,0,2,0,2,1]
⸞: [1,0,0,2,0,2,0]
Ɣ: [1,0,0,2,0,1,4]
Ḋ: [1,0,0,2,0,1,3]
4: [1,0,0,2,0,1,2]
(: [1,0,0,2,0,1,1]
⚈: [1,0,0,2,0,1,0]
╤: [1,0,0,2,0,0]
Ê: [1,0,0,1,4]
⛷: [1,0,0,1,3,4]
⸺: [1,0,0,1,3,3]
⍤: [1,0,0,1,3,2,4]
⁜: [1,0,0,1,3,2,3]
Ź: [1,0,0,1,3,2,2]
┿: [1,0,0,1,3,2,1]
ַ: [1,0,0,1,3,2,0]
ı: [1,0,0,1,3,1,4]
ẞ: [1,0,0,1,3,1,3]
⛑: [1,0,0,1,3,1,2]
╄: [1,0,0,1,3,1,1]
╨: [1,0,0,1,3,1,0]
♨: [1,0,0,1,3,0,4]
◢: [1,0,0,1,3,0,3]
ⱺ: [1,0,0,1,3,0,2]
⸥: [1,0,0,1,3,0,1]
ṣ: [1,0,0,1,3,0,0]
⚠: [1,0,0,1,2,4]
∤: [1,0,0,1,2,3]
ẖ: [1,0,0,1,2,2,4]
◠: [1,0,0,1,2,2,3]
ě: [1,0,0,1,2,2,2]
≲: [1,0,0,1,2,2,1]
⛮: [1,0,0,1,2,2,0]
⛫: [1,0,0,1,2,1,4]
l: [1,0,0,1,2,1,3]
ỽ: [1,0,0,1,2,1,2]
ȡ: [1,0,0,1,2,1,1]
֬: [1,0,0,1,2,1,0]
⹆: [1,0,0,1,2,0,4]
À: [1,0,0,1,2,0,3]
≔: [1,0,0,1,2,0,2]
▣: [1,0,0,1,2,0,1]
Ṗ: [1,0,0,1,2,0,0]
ġ: [1,0,0,1,1]
⸳: [1,0,0,1,0]
℮: [1,0,0,0]
Ķ: [0,4]
⋫: [0,3,4]
╢: [0,3,3]
⚅: [0,3,2,4]
⍇: [0,3,2,3]
⚱: [0,3,2,2,4]
Ö: [0,3,2,2,3,4]
Ϸ: [0,3,2,2,3,3]
⌐: [0,3,2,2,3,2]
͵: [0,3,2,2,3,1]
ḹ: [0,3,2,2,3,0]
⋌: [0,3,2,2,2,4]
Ĥ: [0,3,2,2,2,3]
϶: [0,3,2,2,2,2]
⊸: [0,3,2,2,2,1]
╋: [0,3,2,2,2,0]
Ō: [0,3,2,2,1,4]
ι: [0,3,2,2,1,3]
ḉ: [0,3,2,2,1,2]
Ц: [0,3,2,2,1,1]
♞: [0,3,2,2,1,0]
≾: [0,3,2,2,0]
⊲: [0,3,2,1,4]
⎯: [0,3,2,1,3]
℗: [0,3,2,1,2,4]
☲: [0,3,2,1,2,3]
⋐: [0,3,2,1,2,2]
ṃ: [0,3,2,1,2,1]
⁉: [0,3,2,1,2,0]
⹗: [0,3,2,1,1,4]
⍩: [0,3,2,1,1,3]
ϔ: [0,3,2,1,1,2]
♯: [0,3,2,1,1,1]
⚚: [0,3,2,1,1,0]
⊴: [0,3,2,1,0]
∪: [0,3,2,0,4]
⇕: [0,3,2,0,3]
Ư: [0,3,2,0,2]
Æ: [0,3,2,0,1]
Ͼ: [0,3,2,0,0]
Ģ: [0,3,1,4]
⇪: [0,3,1,3,4]
⊮: [0,3,1,3,3]
⊦: [0,3,1,3,2]
ẋ: [0,3,1,3,1,4]
ϸ: [0,3,1,3,1,3]
←: [0,3,1,3,1,2]
⌧: [0,3,1,3,1,1]
⋁: [0,3,1,3,1,0]
⏤: [0,3,1,3,0,4]
ĝ: [0,3,1,3,0,3]
⏲: [0,3,1,3,0,2]
ӛ: [0,3,1,3,0,1]
Ϟ: [0,3,1,3,0,0,4]
▭: [0,3,1,3,0,0,3]
Ụ: [0,3,1,3,0,0,2]
℈: [0,3,1,3,0,0,1]
ҏ: [0,3,1,3,0,0,0]
─: [0,3,1,2,4]
Ы: [0,3,1,2,3]
⊿: [0,3,1,2,2,4]
⚒: [0,3,1,2,2,3]
⏣: [0,3,1,2,2,2]
⎠: [0,3,1,2,2,1]
ę: [0,3,1,2,2,0]
[: [0,3,1,2,1,4]
☇: [0,3,1,2,1,3]
∲: [0,3,1,2,1,2]
⛜: [0,3,1,2,1,1]
⛨: [0,3,1,2,1,0]
∞: [0,3,1,2,0,4]
Ë: [0,3,1,2,0,3]
⇳: [0,3,1,2,0,2]
w: [0,3,1,2,0,1]
ĭ: [0,3,1,2,0,0]
┶: [0,3,1,1,4]
å: [0,3,1,1,3]
Ɠ: [0,3,1,1,2]
⌽: [0,3,1,1,1,4]
⹎: [0,3,1,1,1,3]
ϱ: [0,3,1,1,1,2]
⁕: [0,3,1,1,1,1,4]
Ő: [0,3,1,1,1,1,3]
⊡: [0,3,1,1,1,1,2]
ѕ: [0,3,1,1,1,1,1]
⍶: [0,3,1,1,1,1,0]
ϳ: [0,3,1,1,1,0,4]
┫: [0,3,1,1,1,0,3]
֞: [0,3,1,1,1,0,2]
⍚: [0,3,1,1,1,0,1]
Ǟ: [0,3,1,1,1,0,0]
Ӣ: [0,3,1,1,0,4]
℥: [0,3,1,1,0,3]
↭: [0,3,1,1,0,2,4]
Ȋ: [0,3,1,1,0,2,3]
⌫: [0,3,1,1,0,2,2]
ѩ: [0,3,1,1,0,2,1]
⎦: [0,3,1,1,0,2,0]
⍗: [0,3,1,1,0,1,4]
¦: [0,3,1,1,0,1,3]
⋎: [0,3,1,1,0,1,2]
Ӓ: [0,3,1,1,0,1,1]
ȵ: [0,3,1,1,0,1,0]
ч: [0,3,1,1,0,0,4]
Ͷ: [0,3,1,1,0,0,3]
ü: [0,3,1,1,0,0,2]
Д: [0,3,1,1,0,0,1]
♫: [0,3,1,1,0,0,0]
╈: [0,3,1,0,4]
ị: [0,3,1,0,3,4]
Ƨ: [0,3,1,0,3,3]
ĸ: [0,3,1,0,3,2]
⎸: [0,3,1,0,3,1]
╳: [0,3,1,0,3,0,4]
Ǜ: [0,3,1,0,3,0,3]
⚏: [0,3,1,0,3,0,2]
Β: [0,3,1,0,3,0,1]
ģ: [0,3,1,0,3,0,0]
╓: [0,3,1,0,2,4]
┇: [0,3,1,0,2,3]
Ǵ: [0,3,1,0,2,2]
З: [0,3,1,0,2,1]
⇧: [0,3,1,0,2,0,4]
ⸯ: [0,3,1,0,2,0,3]
‵: [0,3,1,0,2,0,2]
ĩ: [0,3,1,0,2,0,1]
╲: [0,3,1,0,2,0,0]
Ṥ: [0,3,1,0,1,4]
ӆ: [0,3,1,0,1,3]
★: [0,3,1,0,1,2,4]
ӕ: [0,3,1,0,1,2,3]
⏵: [0,3,1,0,1,2,2]
∽: [0,3,1,0,1,2,1]
▽: [0,3,1,0,1,2,0]
▥: [0,3,1,0,1,1]
⇇: [0,3,1,0,1,0,4]
Х: [0,3,1,0,1,0,3]
ǣ: [0,3,1,0,1,0,2]
ҥ: [0,3,1,0,1,0,1]
┺: [0,3,1,0,1,0,0]
І: [0,3,1,0,0]
ḙ: [0,3,0,4]
ô: [0,3,0,3]
+: [0,3,0,2,4]
‽: [0,3,0,2,3]
Ҳ: [0,3,0,2,2]
⏩: [0,3,0,2,1,4]
Ḟ: [0,3,0,2,1,3]
☧: [0,3,0,2,1,2]
֩: [0,3,0,2,1,1]
ϙ: [0,3,0,2,1,0,4]
▪: [0,3,0,2,1,0,3]
ӭ: [0,3,0,2,1,0,2]
⍜: [0,3,0,2,1,0,1]
⇬: [0,3,0,2,1,0,0]
â: [0,3,0,2,0]
ƫ: [0,3,0,1,4]
ℼ: [0,3,0,1,3]
⹓: [0,3,0,1,2]
‡: [0,3,0,1,1,4]
›: [0,3,0,1,1,3]
ǌ: [0,3,0,1,1,2,4]
ϫ: [0,3,0,1,1,2,3]
│: [0,3,0,1,1,2,2]
⎚: [0,3,0,1,1,2,1]
♏: [0,3,0,1,1,2,0]
⹕: [0,3,0,1,1,1,4]
m: [0,3,0,1,1,1,3]
∅: [0,3,0,1,1,1,2]
ℏ: [0,3,0,1,1,1,1]
⌏: [0,3,0,1,1,1,0]
Ѷ: [0,3,0,1,1,0,4]
֚: [0,3,0,1,1,0,3]
ִ: [0,3,0,1,1,0,2]
◳: [0,3,0,1,1,0,1]
⚳: [0,3,0,1,1,0,0]
⍯: [0,3,0,1,0,4]
╼: [0,3,0,1,0,3,4]
d: [0,3,0,1,0,3,3]
ׯ: [0,3,0,1,0,3,2]
☶: [0,3,0,1,0,3,1]
☳: [0,3,0,1,0,3,0]
ề: [0,3,0,1,0,2,4]
⍢: [0,3,0,1,0,2,3]
Ċ: [0,3,0,1,0,2,2]
⸙: [0,3,0,1,0,2,1]
e: [0,3,0,1,0,2,0]
Ⱨ: [0,3,0,1,0,1,4]
⚀: [0,3,0,1,0,1,3]
A: [0,3,0,1,0,1,2]
⸴: [0,3,0,1,0,1,1]
ø: [0,3,0,1,0,1,0]
Ý: [0,3,0,1,0,0]
⋣: [0,3,0,0,4]
⎗: [0,3,0,0,3]
≶: [0,3,0,0,2,4]
†: [0,3,0,0,2,3]
⛙: [0,3,0,0,2,2,4]
ׇ: [0,3,0,0,2,2,3]
⸏: [0,3,0,0,2,2,2]
┝: [0,3,0,0,2,2,1]
ы: [0,3,0,0,2,2,0]
Ƌ: [0,3,0,0,2,1,4]
Ḿ: [0,3,0,0,2,1,3]
⍝: [0,3,0,0,2,1,2]
≉: [0,3,0,0,2,1,1]
Ѡ: [0,3,0,0,2,1,0]
≬: [0,3,0,0,2,0,4]
ℱ: [0,3,0,0,2,0,3]
※: [0,3,0,0,2,0,2]
ē: [0,3,0,0,2,0,1]
Ǧ: [0,3,0,0,2,0,0]
⏽: [0,3,0,0,1,4]
⹑: [0,3,0,0,1,3,4]
Ʊ: [0,3,0,0,1,3,3]
⁝: [0,3,0,0,1,3,2]
ƕ: [0,3,0,0,1,3,1]
Ʃ: [0,3,0,0,1,3,0]
≴: [0,3,0,0,1,2,4]
◭: [0,3,0,0,1,2,3]
Č: [0,3,0,0,1,2,2]
Ё: [0,3,0,0,1,2,1]
Ą: [0,3,0,0,1,2,0]
\: [0,3,0,0,1,1,4]
⛾: [0,3,0,0,1,1,3]
ç: [0,3,0,0,1,1,2]
Ɋ: [0,3,0,0,1,1,1]
℃: [0,3,0,0,1,1,0]
♿: [0,3,0,0,1,0]
ľ: [0,3,0,0,0]
⛲: [0,2,4]
׆: [0,2,3,4]
∩: [0,2,3,3]
⛂: [0,2,3,2,4]
ȷ: [0,2,3,2,3]
⌼: [0,2,3,2,2,4]
Ȣ: [0,2,3,2,2,3]
ḥ: [0,2,3,2,2,2]
⏍: [0,2,3,2,2,1]
♶: [0,2,3,2,2,0]
т: [0,2,3,2,1,4]
Ҵ: [0,2,3,2,1,3]
⅌: [0,2,3,2,1,2]
ҟ: [0,2,3,2,1,1]
Ĺ: [0,2,3,2,1,0]
⌑: [0,2,3,2,0]
⋅: [0,2,3,1,4]
♇: [0,2,3,1,3]
⊽: [0,2,3,1,2,4]
♒: [0,2,3,1,2,3]
⋩: [0,2,3,1,2,2]
⌁: [0,2,3,1,2,1]
ℍ: [0,2,3,1,2,0]
⋲: [0,2,3,1,1]
“: [0,2,3,1,0,4]
↥: [0,2,3,1,0,3]
Ҏ: [0,2,3,1,0,2]
⚊: [0,2,3,1,0,1]
⎎: [0,2,3,1,0,0]
⍴: [0,2,3,0,4]
ֱ: [0,2,3,0,3]
Ҕ: [0,2,3,0,2,4]
Ӗ: [0,2,3,0,2,3]
ḱ: [0,2,3,0,2,2]
í: [0,2,3,0,2,1]
⌈: [0,2,3,0,2,0]
Ồ: [0,2,3,0,1]
ḝ: [0,2,3,0,0]
↙: [0,2,2,4]
Ƚ: [0,2,2,3,4]
μ: [0,2,2,3,3]
ț: [0,2,2,3,2]
Ҙ: [0,2,2,3,1,4]
⇿: [0,2,2,3,1,3]
×: [0,2,2,3,1,2]
◅: [0,2,2,3,1,1]
Ú: [0,2,2,3,1,0]
┓: [0,2,2,3,0,4]
⇷: [0,2,2,3,0,3]
֟: [0,2,2,3,0,2]
⚿: [0,2,2,3,0,1]
$: [0,2,2,3,0,0]
ṿ: [0,2,2,2,4]
↸: [0,2,2,2,3]
ҙ: [0,2,2,2,2]
ׄ: [0,2,2,2,1,4]
Į: [0,2,2,2,1,3]
ϑ: [0,2,2,2,1,2]
ǳ: [0,2,2,2,1,1]
Ȟ: [0,2,2,2,1,0]
⍲: [0,2,2,2,0,4]
Ḯ: [0,2,2,2,0,3]
↛: [0,2,2,2,0,2]
Ȉ: [0,2,2,2,0,1]
Ⱬ: [0,2,2,2,0,0]
ễ: [0,2,2,1,4]
┮: [0,2,2,1,3,4]
֒: [0,2,2,1,3,3]
Ҍ: [0,2,2,1,3,2]
⁗: [0,2,2,1,3,1]
⋰: [0,2,2,1,3,0]
⌛: [0,2,2,1,2,4]
♩: [0,2,2,1,2,3]
Έ: [0,2,2,1,2,2]
♼: [0,2,2,1,2,1]
⁑: [0,2,2,1,2,0]
ć: [0,2,2,1,1,4]
Ȭ: [0,2,2,1,1,3]
⚻: [0,2,2,1,1,2]
┴: [0,2,2,1,1,1]
Ĩ: [0,2,2,1,1,0,4]
E: [0,2,2,1,1,0,3]
⁒: [0,2,2,1,1,0,2]
⍡: [0,2,2,1,1,0,1]
⛝: [0,2,2,1,1,0,0]
♁: [0,2,2,1,0,4]
ụ: [0,2,2,1,0,3]
ϴ: [0,2,2,1,0,2]
ӿ: [0,2,2,1,0,1,4]
θ: [0,2,2,1,0,1,3]
y: [0,2,2,1,0,1,2]
ở: [0,2,2,1,0,1,1]
ǒ: [0,2,2,1,0,1,0]
ɇ: [0,2,2,1,0,0,4]
⋝: [0,2,2,1,0,0,3]
Ѓ: [0,2,2,1,0,0,2]
⚜: [0,2,2,1,0,0,1]
⊁: [0,2,2,1,0,0,0]
ș: [0,2,2,0,4]
Ȝ: [0,2,2,0,3]
֦: [0,2,2,0,2,4]
⹇: [0,2,2,0,2,3]
Δ: [0,2,2,0,2,2]
ȏ: [0,2,2,0,2,1]
∏: [0,2,2,0,2,0,4]
ž: [0,2,2,0,2,0,3]
⎢: [0,2,2,0,2,0,2]
Ɏ: [0,2,2,0,2,0,1]
⌾: [0,2,2,0,2,0,0]
Ί: [0,2,2,0,1,4]
⇹: [0,2,2,0,1,3]
-: [0,2,2,0,1,2]
ḻ: [0,2,2,0,1,1,4]
⇩: [0,2,2,0,1,1,3]
Θ: [0,2,2,0,1,1,2]
⚆: [0,2,2,0,1,1,1]
Ϩ: [0,2,2,0,1,1,0]
ồ: [0,2,2,0,1,0,4]
⛊: [0,2,2,0,1,0,3]
ъ: [0,2,2,0,1,0,2]
⇖: [0,2,2,0,1,0,1]
⋬: [0,2,2,0,1,0,0]
қ: [0,2,2,0,0,4]
⸡: [0,2,2,0,0,3,4]
∠: [0,2,2,0,0,3,3]
Ϳ: [0,2,2,0,0,3,2]
ƙ: [0,2,2,0,0,3,1]
∛: [0,2,2,0,0,3,0]
ѵ: [0,2,2,0,0,2,4]
x: [0,2,2,0,0,2,3]
∦: [0,2,2,0,0,2,2]
‒: [0,2,2,0,0,2,1]
⸃: [0,2,2,0,0,2,0]
Ђ: [0,2,2,0,0,1,4]
⏇: [0,2,2,0,0,1,3]
◯: [0,2,2,0,0,1,2]
ȫ: [0,2,2,0,0,1,1]
‛: [0,2,2,0,0,1,0]
⸝: [0,2,2,0,0,0]
≹: [0,2,1,4]
⊙: [0,2,1,3]
⊫: [0,2,1,2,4]
⏞: [0,2,1,2,3]
ś: [0,2,1,2,2]
Ȗ: [0,2,1,2,1,4]
‷: [0,2,1,2,1,3]
≝: [0,2,1,2,1,2]
╸: [0,2,1,2,1,1]
ѣ: [0,2,1,2,1,0,4]
ď: [0,2,1,2,1,0,3]
⊊: [0,2,1,2,1,0,2]
⛘: [0,2,1,2,1,0,1]
ṓ: [0,2,1,2,1,0,0]
♷: [0,2,1,2,0,4]
⅋: [0,2,1,2,0,3]
┡: [0,2,1,2,0,2]
΄: [0,2,1,2,0,1,4]
б: [0,2,1,2,0,1,3]
Ǚ: [0,2,1,2,0,1,2]
⋙: [0,2,1,2,0,1,1]
ộ: [0,2,1,2,0,1,0]
ϋ: [0,2,1,2,0,0,4]
⏕: [0,2,1,2,0,0,3]
≰: [0,2,1,2,0,0,2]
ŏ: [0,2,1,2,0,0,1]
Ҟ: [0,2,1,2,0,0,0]
◖: [0,2,1,1,4]
⹏: [0,2,1,1,3]
Ā: [0,2,1,1,2]
ӯ: [0,2,1,1,1,4]
Õ: [0,2,1,1,1,3]
↺: [0,2,1,1,1,2]
⹃: [0,2,1,1,1,1]
⊵: [0,2,1,1,1,0,4]
Ï: [0,2,1,1,1,0,3]
ẉ: [0,2,1,1,1,0,2]
♽: [0,2,1,1,1,0,1]
κ: [0,2,1,1,1,0,0]
ן: [0,2,1,1,0,4]
ƒ: [0,2,1,1,0,3,4]
⊀: [0,2,1,1,0,3,3]
ҡ: [0,2,1,1,0,3,2]
Ƽ: [0,2,1,1,0,3,1]
⋮: [0,2,1,1,0,3,0]
⚛: [0,2,1,1,0,2,4]
Њ: [0,2,1,1,0,2,3]
⊅: [0,2,1,1,0,2,2]
ℕ: [0,2,1,1,0,2,1]
|: [0,2,1,1,0,2,0]
«: [0,2,1,1,0,1,4]
⊨: [0,2,1,1,0,1,3]
♋: [0,2,1,1,0,1,2]
ằ: [0,2,1,1,0,1,1]
⏭: [0,2,1,1,0,1,0]
⇞: [0,2,1,1,0,0]
―: [0,2,1,0,4]
ⱦ: [0,2,1,0,3,4]
╍: [0,2,1,0,3,3]
↘: [0,2,1,0,3,2]
↲: [0,2,1,0,3,1]
ạ: [0,2,1,0,3,0,4]
☊: [0,2,1,0,3,0,3]
Ṋ: [0,2,1,0,3,0,2]
S: [0,2,1,0,3,0,1]
⛌: [0,2,1,0,3,0,0]
ờ: [0,2,1,0,2,4]
↰: [0,2,1,0,2,3]
⸇: [0,2,1,0,2,2]
⎊: [0,2,1,0,2,1]
☥: [0,2,1,0,2,0,4]
Ѝ: [0,2,1,0,2,0,3]
⋑: [0,2,1,0,2,0,2]
Ϙ: [0,2,1,0,2,0,1]
♤: [0,2,1,0,2,0,0]
☖: [0,2,1,0,1]
☦: [0,2,1,0,0]
․: [0,2,0,4]
Î: [0,2,0,3,4]
⸍: [0,2,0,3,3]
җ: [0,2,0,3,2]
┢: [0,2,0,3,1,4]
⋹: [0,2,0,3,1,3]
⚭: [0,2,0,3,1,2]
♜: [0,2,0,3,1,1]
⊳: [0,2,0,3,1,0,4]
⹐: [0,2,0,3,1,0,3]
ṩ: [0,2,0,3,1,0,2]
Đ: [0,2,0,3,1,0,1]
┽: [0,2,0,3,1,0,0]
Ṉ: [0,2,0,3,0,4]
Ȏ: [0,2,0,3,0,3]
ͳ: [0,2,0,3,0,2,4]
ͽ: [0,2,0,3,0,2,3]
⍐: [0,2,0,3,0,2,2]
Ӻ: [0,2,0,3,0,2,1]
┖: [0,2,0,3,0,2,0]
⛠: [0,2,0,3,0,1,4]
¥: [0,2,0,3,0,1,3]
⅃: [0,2,0,3,0,1,2]
ḷ: [0,2,0,3,0,1,1]
⇻: [0,2,0,3,0,1,0]
℔: [0,2,0,3,0,0,4]
҈: [0,2,0,3,0,0,3]
Υ: [0,2,0,3,0,0,2]
Ẉ: [0,2,0,3,0,0,1]
Ế: [0,2,0,3,0,0,0]
ẃ: [0,2,0,2,4]
ℤ: [0,2,0,2,3]
Ầ: [0,2,0,2,2,4]
ℊ: [0,2,0,2,2,3]
⋨: [0,2,0,2,2,2]
h: [0,2,0,2,2,1]
Ƙ: [0,2,0,2,2,0]
ֹ: [0,2,0,2,1,4]
⊥: [0,2,0,2,1,3]
Ṝ: [0,2,0,2,1,2]
⊐: [0,2,0,2,1,1,4]
∀: [0,2,0,2,1,1,3]
Ҋ: [0,2,0,2,1,1,2]
Ǝ: [0,2,0,2,1,1,1]
Ỗ: [0,2,0,2,1,1,0]
╀: [0,2,0,2,1,0,4]
C: [0,2,0,2,1,0,3]
ỵ: [0,2,0,2,1,0,2]
⛸: [0,2,0,2,1,0,1]
Ủ: [0,2,0,2,1,0,0]
Ṕ: [0,2,0,2,0,4]
ŝ: [0,2,0,2,0,3]
Ẫ: [0,2,0,2,0,2,4]
Җ: [0,2,0,2,0,2,3]
⎛: [0,2,0,2,0,2,2]
⇢: [0,2,0,2,0,2,1]
ǫ: [0,2,0,2,0,2,0]
Ϣ: [0,2,0,2,0,1,4]
↻: [0,2,0,2,0,1,3]
⛴: [0,2,0,2,0,1,2]
⌃: [0,2,0,2,0,1,1]
⚾: [0,2,0,2,0,1,0]
ȹ: [0,2,0,2,0,0]
≢: [0,2,0,1,4]
Ṧ: [0,2,0,1,3]
ℨ: [0,2,0,1,2,4]
≚: [0,2,0,1,2,3]
α: [0,2,0,1,2,2]
⚝: [0,2,0,1,2,1]
♚: [0,2,0,1,2,0,4]
Ϊ: [0,2,0,1,2,0,3]
⍦: [0,2,0,1,2,0,2]
Ӕ: [0,2,0,1,2,0,1]
⚡: [0,2,0,1,2,0,0]
⇅: [0,2,0,1,1,4]
ͷ: [0,2,0,1,1,3]
Ӌ: [0,2,0,1,1,2]
⇸: [0,2,0,1,1,1]
º: [0,2,0,1,1,0]
,: [0,2,0,1,0]
ל: [0,2,0,0]
Ґ: [0,1,4]
ғ: [0,1,3]
ÿ: [0,1,2]
⚨: [0,1,1,4]
⌺: [0,1,1,3]
⇗: [0,1,1,2,4]
⸸: [0,1,1,2,3]
Ễ: [0,1,1,2,2,4]
/: [0,1,1,2,2,3]
⸜: [0,1,1,2,2,2]
֑: [0,1,1,2,2,1]
☚: [0,1,1,2,2,0,4]
ͺ: [0,1,1,2,2,0,3]
♖: [0,1,1,2,2,0,2]
Ͱ: [0,1,1,2,2,0,1]
ã: [0,1,1,2,2,0,0]
Ṛ: [0,1,1,2,1,4]
ѹ: [0,1,1,2,1,3]
Ї: [0,1,1,2,1,2]
∡: [0,1,1,2,1,1,4]
⇼: [0,1,1,2,1,1,3]
״: [0,1,1,2,1,1,2]
ȥ: [0,1,1,2,1,1,1]
∨: [0,1,1,2,1,1,0]
☭: [0,1,1,2,1,0,4]
Ӏ: [0,1,1,2,1,0,3]
↳: [0,1,1,2,1,0,2]
ż: [0,1,1,2,1,0,1]
⊔: [0,1,1,2,1,0,0]
≱: [0,1,1,2,0]
□: [0,1,1,1,4]
ä: [0,1,1,1,3]
↗: [0,1,1,1,2,4]
ⅉ: [0,1,1,1,2,3]
Щ: [0,1,1,1,2,2]
Ǩ: [0,1,1,1,2,1,4]
⚋: [0,1,1,1,2,1,3]
ℽ: [0,1,1,1,2,1,2]
к: [0,1,1,1,2,1,1]
☘: [0,1,1,1,2,1,0]
⹌: [0,1,1,1,2,0,4]
ṉ: [0,1,1,1,2,0,3]
⏁: [0,1,1,1,2,0,2]
Ể: [0,1,1,1,2,0,1]
δ: [0,1,1,1,2,0,0]
⊗: [0,1,1,1,1,4]
ẹ: [0,1,1,1,1,3]
Ъ: [0,1,1,1,1,2,4]
Ṍ: [0,1,1,1,1,2,3]
◵: [0,1,1,1,1,2,2]
∎: [0,1,1,1,1,2,1]
ṛ: [0,1,1,1,1,2,0]
‾: [0,1,1,1,1,1,4]
⛤: [0,1,1,1,1,1,3]
ϥ: [0,1,1,1,1,1,2]
☡: [0,1,1,1,1,1,1]
ט: [0,1,1,1,1,1,0]
⊒: [0,1,1,1,1,0]
Ṽ: [0,1,1,1,0]
ⱶ: [0,1,1,0,4]
☁: [0,1,1,0,3,4]
ự: [0,1,1,0,3,3]
‣: [0,1,1,0,3,2,4]
℺: [0,1,1,0,3,2,3]
Ã: [0,1,1,0,3,2,2]
⸗: [0,1,1,0,3,2,1]
ṹ: [0,1,1,0,3,2,0]
҇: [0,1,1,0,3,1,4]
Ỏ: [0,1,1,0,3,1,3]
⏊: [0,1,1,0,3,1,2]
⎜: [0,1,1,0,3,1,1]
ℳ: [0,1,1,0,3,1,0]
☜: [0,1,1,0,3,0,4]
⏪: [0,1,1,0,3,0,3]
≮: [0,1,1,0,3,0,2]
∵: [0,1,1,0,3,0,1]
τ: [0,1,1,0,3,0,0]
┍: [0,1,1,0,2,4]
Ñ: [0,1,1,0,2,3]
כ: [0,1,1,0,2,2,4]
▧: [0,1,1,0,2,2,3]
◦: [0,1,1,0,2,2,2]
Ố: [0,1,1,0,2,2,1]
⏬: [0,1,1,0,2,2,0]
⍳: [0,1,1,0,2,1]
ⱽ: [0,1,1,0,2,0,4]
ⱱ: [0,1,1,0,2,0,3]
≊: [0,1,1,0,2,0,2]
K: [0,1,1,0,2,0,1]
Ҫ: [0,1,1,0,2,0,0]
⸦: [0,1,1,0,1,4]
ê: [0,1,1,0,1,3]
ǧ: [0,1,1,0,1,2]
Ǯ: [0,1,1,0,1,1,4]
⍷: [0,1,1,0,1,1,3]
ӟ: [0,1,1,0,1,1,2]
Ҥ: [0,1,1,0,1,1,1]
⍓: [0,1,1,0,1,1,0]
Ứ: [0,1,1,0,1,0,4]
⛺: [0,1,1,0,1,0,3]
⍑: [0,1,1,0,1,0,2]
z: [0,1,1,0,1,0,1]
⋷: [0,1,1,0,1,0,0]
Ɓ: [0,1,1,0,0]
֮: [0,1,0,4]
⇊: [0,1,0,3,4]
ğ: [0,1,0,3,3]
Ǿ: [0,1,0,3,2]
⎅: [0,1,0,3,1,4]
ổ: [0,1,0,3,1,3]
ⅎ: [0,1,0,3,1,2,4]
ẚ: [0,1,0,3,1,2,3]
♆: [0,1,0,3,1,2,2]
⏝: [0,1,0,3,1,2,1]
Ⱥ: [0,1,0,3,1,2,0]
ň: [0,1,0,3,1,1,4]
ḩ: [0,1,0,3,1,1,3]
Ɱ: [0,1,0,3,1,1,2]
⇑: [0,1,0,3,1,1,1]
у: [0,1,0,3,1,1,0]
⍃: [0,1,0,3,1,0]
♑: [0,1,0,3,0]
⍘: [0,1,0,2,4]
⸋: [0,1,0,2,3]
⎴: [0,1,0,2,2]
⋇: [0,1,0,2,1,4]
¢: [0,1,0,2,1,3]
û: [0,1,0,2,1,2,4]
⍽: [0,1,0,2,1,2,3]
☎: [0,1,0,2,1,2,2]
≛: [0,1,0,2,1,2,1]
„: [0,1,0,2,1,2,0]
╦: [0,1,0,2,1,1]
⛳: [0,1,0,2,1,0,4]
⋥: [0,1,0,2,1,0,3]
Ӧ: [0,1,0,2,1,0,2]
⌞: [0,1,0,2,1,0,1]
ϵ: [0,1,0,2,1,0,0]
Ѥ: [0,1,0,2,0]
Ʀ: [0,1,0,1,4]
⛿: [0,1,0,1,3,4]
־: [0,1,0,1,3,3]
⍔: [0,1,0,1,3,2,4]
⁙: [0,1,0,1,3,2,3]
ƿ: [0,1,0,1,3,2,2]
☗: [0,1,0,1,3,2,1]
֔: [0,1,0,1,3,2,0]
Ά: [0,1,0,1,3,1,4]
⊷: [0,1,0,1,3,1,3]
╯: [0,1,0,1,3,1,2]
╡: [0,1,0,1,3,1,1]
▸: [0,1,0,1,3,1,0]
π: [0,1,0,1,3,0]
]: [0,1,0,1,2,4]
⌕: [0,1,0,1,2,3]
⁓: [0,1,0,1,2,2,4]
♉: [0,1,0,1,2,2,3]
ǂ: [0,1,0,1,2,2,2]
⊆: [0,1,0,1,2,2,1]
ϕ: [0,1,0,1,2,2,0]
♙: [0,1,0,1,2,1,4]
ā: [0,1,0,1,2,1,3]
⌝: [0,1,0,1,2,1,2]
ȧ: [0,1,0,1,2,1,1]
↜: [0,1,0,1,2,1,0]
⁚: [0,1,0,1,2,0]
i: [0,1,0,1,1,4]
Ẁ: [0,1,0,1,1,3]
Ǳ: [0,1,0,1,1,2,4]
⅁: [0,1,0,1,1,2,3]
ė: [0,1,0,1,1,2,2]
И: [0,1,0,1,1,2,1]
ḣ: [0,1,0,1,1,2,0]
ϒ: [0,1,0,1,1,1,4]
⎀: [0,1,0,1,1,1,3]
׃: [0,1,0,1,1,1,2]
ṧ: [0,1,0,1,1,1,1]
H: [0,1,0,1,1,1,0]
ℜ: [0,1,0,1,1,0,4]
⸪: [0,1,0,1,1,0,3]
Ф: [0,1,0,1,1,0,2]
┼: [0,1,0,1,1,0,1]
┾: [0,1,0,1,1,0,0,4]
≄: [0,1,0,1,1,0,0,3]
ϩ: [0,1,0,1,1,0,0,2]
Ҝ: [0,1,0,1,1,0,0,1]
ר: [0,1,0,1,1,0,0,0]
⏢: [0,1,0,1,0,4]
⌚: [0,1,0,1,0,3,4]
⸑: [0,1,0,1,0,3,3]
◌: [0,1,0,1,0,3,2]
P: [0,1,0,1,0,3,1]
ℓ: [0,1,0,1,0,3,0]
ố: [0,1,0,1,0,2,4]
ө: [0,1,0,1,0,2,3]
∫: [0,1,0,1,0,2,2]
ǥ: [0,1,0,1,0,2,1]
⛐: [0,1,0,1,0,2,0]
⚞: [0,1,0,1,0,1,4]
ǽ: [0,1,0,1,0,1,3]
Å: [0,1,0,1,0,1,2]
⋵: [0,1,0,1,0,1,1]
ṗ: [0,1,0,1,0,1,0,4]
⹍: [0,1,0,1,0,1,0,3]
‗: [0,1,0,1,0,1,0,2]
⇾: [0,1,0,1,0,1,0,1]
Ḳ: [0,1,0,1,0,1,0,0]
⎙: [0,1,0,1,0,0]
Ɩ: [0,1,0,0,4]
⛪: [0,1,0,0,3,4]
⎺: [0,1,0,0,3,3]
☽: [0,1,0,0,3,2,4]
Ŀ: [0,1,0,0,3,2,3]
Ѩ: [0,1,0,0,3,2,2]
♦: [0,1,0,0,3,2,1]
⸁: [0,1,0,0,3,2,0]
Џ: [0,1,0,0,3,1,4]
℡: [0,1,0,0,3,1,3]
⋾: [0,1,0,0,3,1,2]
ӥ: [0,1,0,0,3,1,1]
⛄: [0,1,0,0,3,1,0]
ў: [0,1,0,0,3,0]
υ: [0,1,0,0,2,4]
⎃: [0,1,0,0,2,3]
ṽ: [0,1,0,0,2,2]
Ӆ: [0,1,0,0,2,1,4]
⚘: [0,1,0,0,2,1,3]
⌴: [0,1,0,0,2,1,2]
⌲: [0,1,0,0,2,1,1]
↮: [0,1,0,0,2,1,0]
⇯: [0,1,0,0,2,0,4]
⊓: [0,1,0,0,2,0,3]
o: [0,1,0,0,2,0,2]
ϣ: [0,1,0,0,2,0,1]
⊃: [0,1,0,0,2,0,0,4]
↞: [0,1,0,0,2,0,0,3]
Â: [0,1,0,0,2,0,0,2]
Ḗ: [0,1,0,0,2,0,0,1]
⍞: [0,1,0,0,2,0,0,0]
΅: [0,1,0,0,1,4]
⏶: [0,1,0,0,1,3,4]
Ƥ: [0,1,0,0,1,3,3]
Ĉ: [0,1,0,0,1,3,2]
Ш: [0,1,0,0,1,3,1]
ф: [0,1,0,0,1,3,0]
֢: [0,1,0,0,1,2]
Ȿ: [0,1,0,0,1,1,4]
ỻ: [0,1,0,0,1,1,3]
⊱: [0,1,0,0,1,1,2]
Ɲ: [0,1,0,0,1,1,1]
Ḥ: [0,1,0,0,1,1,0,4]
☯: [0,1,0,0,1,1,0,3]
Ẕ: [0,1,0,0,1,1,0,2]
⌥: [0,1,0,0,1,1,0,1]
┹: [0,1,0,0,1,1,0,0]
⋞: [0,1,0,0,1,0,4]
⚷: [0,1,0,0,1,0,3]
⏦: [0,1,0,0,1,0,2]
ì: [0,1,0,0,1,0,1]
Ҿ: [0,1,0,0,1,0,0]
в: [0,1,0,0,0,4]
⸚: [0,1,0,0,0,3]
ѯ: [0,1,0,0,0,2,4]
╱: [0,1,0,0,0,2,3]
♺: [0,1,0,0,0,2,2]
⸘: [0,1,0,0,0,2,1]
Ŵ: [0,1,0,0,0,2,0,4]
k: [0,1,0,0,0,2,0,3]
⅄: [0,1,0,0,0,2,0,2]
⎆: [0,1,0,0,0,2,0,1]
↿: [0,1,0,0,0,2,0,0]
Ų: [0,1,0,0,0,1,4]
Ḱ: [0,1,0,0,0,1,3]
ℭ: [0,1,0,0,0,1,2]
Ḅ: [0,1,0,0,0,1,1,4]
л: [0,1,0,0,0,1,1,3]
¯: [0,1,0,0,0,1,1,2]
┣: [0,1,0,0,0,1,1,1]
║: [0,1,0,0,0,1,1,0]
Z: [0,1,0,0,0,1,0]
∜: [0,1,0,0,0,0]
‐: [0,0]