Runtime: 0.011s
Pearllengths in mm: 1,2,3,4
Messagelength in mm: 36642
だ: [3,3]
れ: [3,2]
は: [3,1]
ウ: [3,0,3]
世: [3,0,2,3]
実: [3,0,2,2]
ド: [3,0,2,1]
束: [3,0,2,0,3]
輝: [3,0,2,0,2]
河: [3,0,2,0,1]
ゴ: [3,0,2,0,0,3]
扱: [3,0,2,0,0,2]
薄: [3,0,2,0,0,1]
美: [3,0,2,0,0,0]
若: [3,0,1,3]
マ: [3,0,1,2]
消: [3,0,1,1,3]
閉: [3,0,1,1,2]
撃: [3,0,1,1,1]
善: [3,0,1,1,0,3]
戦: [3,0,1,1,0,2]
理: [3,0,1,1,0,1]
境: [3,0,1,1,0,0]
首: [3,0,1,0,3]
示: [3,0,1,0,2]
受: [3,0,1,0,1,3]
戸: [3,0,1,0,1,2]
礼: [3,0,1,0,1,1]
持: [3,0,1,0,1,0]
拘: [3,0,1,0,0,3]
表: [3,0,1,0,0,2]
負: [3,0,1,0,0,1]
ッ: [3,0,1,0,0,0]
べ: [3,0,0,3]
出: [3,0,0,2]
ピ: [3,0,0,1,3]
ガ: [3,0,0,1,2]
低: [3,0,0,1,1,3]
好: [3,0,0,1,1,2]
粗: [3,0,0,1,1,1]
横: [3,0,0,1,1,0]
描: [3,0,0,1,0,3]
詰: [3,0,0,1,0,2]
隻: [3,0,0,1,0,1]
線: [3,0,0,1,0,0]
意: [3,0,0,0,3]
ょ: [3,0,0,0,2]
暴: [3,0,0,0,1,3]
迎: [3,0,0,0,1,2]
助: [3,0,0,0,1,1]
六: [3,0,0,0,1,0,3]
子: [3,0,0,0,1,0,2]
界: [3,0,0,0,1,0,1]
信: [3,0,0,0,1,0,0]
ス: [3,0,0,0,0]
か: [2,3]
し: [2,2]
ト: [2,1,3]
」: [2,1,2]
陸: [2,1,1,3]
乗: [2,1,1,2]
族: [2,1,1,1,3]
開: [2,1,1,1,2]
散: [2,1,1,1,1]
ふ: [2,1,1,1,0,3]
彩: [2,1,1,1,0,2]
珍: [2,1,1,1,0,1]
図: [2,1,1,1,0,0]
キ: [2,1,1,0,3]
走: [2,1,1,0,2]
去: [2,1,1,0,1,3]
弁: [2,1,1,0,1,2]
突: [2,1,1,0,1,1]
暗: [2,1,1,0,1,0]
改: [2,1,1,0,0,3]
認: [2,1,1,0,0,2]
回: [2,1,1,0,0,1,1]
渡: [2,1,1,0,0,1,0]
友: [2,1,1,0,0,0]
一: [2,1,0,3]
思: [2,1,0,2]
ベ: [2,1,0,1,3]
リ: [2,1,0,1,2]
余: [2,1,0,1,1,3]
定: [2,1,0,1,1,2]
組: [2,1,0,1,1,1]
注: [2,1,0,1,1,0]
浮: [2,1,0,1,0,3]
貶: [2,1,0,1,0,2]
づ: [2,1,0,1,0,1]
ィ: [2,1,0,1,0,0,3]
塩: [2,1,0,1,0,0,2]
莫: [2,1,0,1,0,0,1]
窓: [2,1,0,1,0,0,0]
敷: [2,1,0,0,3]
合: [2,1,0,0,2]
昔: [2,1,0,0,1,3]
路: [2,1,0,0,1,2]
修: [2,1,0,0,1,1]
単: [2,1,0,0,1,0,3]
夫: [2,1,0,0,1,0,2]
登: [2,1,0,0,1,0,1]
能: [2,1,0,0,1,0,0]
雰: [2,1,0,0,0,3]
考: [2,1,0,0,0,2]
労: [2,1,0,0,0,1,3]
崇: [2,1,0,0,0,1,2]
経: [2,1,0,0,0,1,1]
時: [2,1,0,0,0,1,0]
捨: [2,1,0,0,0,0,3]
裕: [2,1,0,0,0,0,2]
街: [2,1,0,0,0,0,1]
不: [2,1,0,0,0,0,0]
わ: [2,0,3]
ざ: [2,0,2,3]
立: [2,0,2,2]
敵: [2,0,2,1,3]
逆: [2,0,2,1,2]
無: [2,0,2,1,1]
五: [2,0,2,1,0,3]
抗: [2,0,2,1,0,2]
疑: [2,0,2,1,0,1]
対: [2,0,2,1,0,0]
テ: [2,0,2,0,3]
ぐ: [2,0,2,0,2]
割: [2,0,2,0,1,3]
妻: [2,0,2,0,1,2]
節: [2,0,2,0,1,1]
様: [2,0,2,0,1,0]
拭: [2,0,2,0,0,3]
誇: [2,0,2,0,0,2]
風: [2,0,2,0,0,1]
明: [2,0,2,0,0,0]
み: [2,0,1,3]
者: [2,0,1,2]
伸: [2,0,1,1,3]
交: [2,0,1,1,2]
半: [2,0,1,1,1,3]
国: [2,0,1,1,1,2]
緒: [2,0,1,1,1,1]
深: [2,0,1,1,1,0]
断: [2,0,1,1,0,3]
費: [2,0,1,1,0,2]
パ: [2,0,1,1,0,1]
共: [2,0,1,1,0,0,3]
届: [2,0,1,1,0,0,2]
蒸: [2,0,1,1,0,0,1]
等: [2,0,1,1,0,0,0]
数: [2,0,1,0,3]
気: [2,0,1,0,2]
正: [2,0,1,0,1,3]
逃: [2,0,1,0,1,2]
古: [2,0,1,0,1,1]
へ: [2,0,1,0,1,0,3]
扉: [2,0,1,0,1,0,2]
漏: [2,0,1,0,1,0,1]
全: [2,0,1,0,1,0,0]
駆: [2,0,1,0,0,3]
特: [2,0,1,0,0,2]
務: [2,0,1,0,0,1,3]
声: [2,0,1,0,0,1,2]
砕: [2,0,1,0,0,1,1]
所: [2,0,1,0,0,1,0]
タ: [2,0,1,0,0,0]
聖: [2,0,0,3]
今: [2,0,0,2,3]
四: [2,0,0,2,2]
優: [2,0,0,2,1,3]
往: [2,0,0,2,1,2]
胆: [2,0,0,2,1,1]
砂: [2,0,0,2,1,0]
サ: [2,0,0,2,0]
用: [2,0,0,1,3]
馬: [2,0,0,1,2]
構: [2,0,0,1,1,3]
選: [2,0,0,1,1,2]
堤: [2,0,0,1,1,1]
ぷ: [2,0,0,1,1,0,3]
属: [2,0,0,1,1,0,2]
管: [2,0,0,1,1,0,1]
動: [2,0,0,1,1,0,0]
頑: [2,0,0,1,0,3]
説: [2,0,0,1,0,2]
ャ: [2,0,0,1,0,1,3]
威: [2,0,0,1,0,1,2]
脇: [2,0,0,1,0,1,1]
尊: [2,0,0,1,0,1,0]
事: [2,0,0,1,0,0]
部: [2,0,0,0,3]
服: [2,0,0,0,2,3]
護: [2,0,0,0,2,2]
ず: [2,0,0,0,2,1]
駅: [2,0,0,0,2,0]
え: [2,0,0,0,1]
ン: [2,0,0,0,0]
に: [1,3]
見: [1,2,3]
お: [1,2,2]
ぎ: [1,2,1,3]
入: [1,2,1,2]
敬: [1,2,1,1,3]
間: [1,2,1,1,2]
格: [1,2,1,1,1]
刻: [1,2,1,1,0,3]
惜: [1,2,1,1,0,2]
産: [1,2,1,1,0,1]
套: [1,2,1,1,0,0]
！: [1,2,1,0,3]
量: [1,2,1,0,2]
侮: [1,2,1,0,1,3]
嫌: [1,2,1,0,1,2]
答: [1,2,1,0,1,1]
根: [1,2,1,0,1,0]
換: [1,2,1,0,0,3]
裂: [1,2,1,0,0,2]
覆: [1,2,1,0,0,1]
市: [1,2,1,0,0,0]
口: [1,2,0,3]
め: [1,2,0,2]
何: [1,2,0,1,3]
ワ: [1,2,0,1,2]
ケ: [1,2,0,1,1,3]
岩: [1,2,0,1,1,2]
緑: [1,2,0,1,1,1]
流: [1,2,0,1,1,0]
沢: [1,2,0,1,0,3]
識: [1,2,0,1,0,2]
ゃ: [1,2,0,1,0,1]
亀: [1,2,0,1,0,0,3]
寧: [1,2,0,1,0,0,2]
篠: [1,2,0,1,0,0,1]
積: [1,2,0,1,0,0,0]
得: [1,2,0,0,3]
員: [1,2,0,0,2]
易: [1,2,0,0,1,3]
返: [1,2,0,0,1,2]
南: [1,2,0,0,1,1]
ぜ: [1,2,0,0,1,0,3]
待: [1,2,0,0,1,0,2]
湖: [1,2,0,0,1,0,1]
儀: [1,2,0,0,1,0,0]
雲: [1,2,0,0,0,3]
草: [1,2,0,0,0,2]
デ: [1,2,0,0,0,1,3]
急: [1,2,0,0,0,1,2]
苦: [1,2,0,0,0,1,1]
日: [1,2,0,0,0,1,0]
摘: [1,2,0,0,0,0,3]
設: [1,2,0,0,0,0,2]
達: [1,2,0,0,0,0,1]
前: [1,2,0,0,0,0,0]
あ: [1,1,3]
ー: [1,1,2]
な: [1,1,1]
や: [1,1,0,3]
ヴ: [1,1,0,2,3]
外: [1,1,0,2,2]
ぶ: [1,1,0,2,1]
建: [1,1,0,2,0]
着: [1,1,0,1,3]
び: [1,1,0,1,2]
毎: [1,1,0,1,1,3]
郭: [1,1,0,1,1,2]
小: [1,1,0,1,1,1]
印: [1,1,0,1,1,0,3]
恭: [1,1,0,1,1,0,2]
潮: [1,1,0,1,1,0,1]
十: [1,1,0,1,1,0,0]
養: [1,1,0,1,0,3]
牧: [1,1,0,1,0,2]
《: [1,1,0,1,0,1,3]
帽: [1,1,0,1,0,1,2]
百: [1,1,0,1,0,1,1]
岸: [1,1,0,1,0,1,0]
手: [1,1,0,1,0,0]
で: [1,1,0,0]
ら: [1,0,3]
を: [1,0,2]
イ: [1,0,1,3]
ル: [1,0,1,2]
運: [1,0,1,1,3]
ろ: [1,0,1,1,2]
毛: [1,0,1,1,1,3]
長: [1,0,1,1,1,2]
復: [1,0,1,1,1,1]
冷: [1,0,1,1,1,0,3]
己: [1,0,1,1,1,0,2]
独: [1,0,1,1,1,0,1]
呼: [1,0,1,1,1,0,0]
階: [1,0,1,1,0,3]
石: [1,0,1,1,0,2]
千: [1,0,1,1,0,1,3]
完: [1,0,1,1,0,1,2]
短: [1,0,1,1,0,1,1]
感: [1,0,1,1,0,1,0]
道: [1,0,1,1,0,0]
ク: [1,0,1,0,3]
せ: [1,0,1,0,2]
ホ: [1,0,1,0,1,3]
ノ: [1,0,1,0,1,2]
再: [1,0,1,0,1,1,3]
売: [1,0,1,0,1,1,2]
紗: [1,0,1,0,1,1,1]
治: [1,0,1,0,1,1,0]
拝: [1,0,1,0,1,0,3]
計: [1,0,1,0,1,0,2]
集: [1,0,1,0,1,0,1]
行: [1,0,1,0,1,0,0]
教: [1,0,1,0,0,3]
家: [1,0,1,0,0,2]
浸: [1,0,1,0,0,1,3]
配: [1,0,1,0,0,1,2]
巨: [1,0,1,0,0,1,1]
切: [1,0,1,0,0,1,0,3]
当: [1,0,1,0,0,1,0,2]
聞: [1,0,1,0,0,1,0,1]
厳: [1,0,1,0,0,1,0,0]
つ: [1,0,1,0,0,0]
　: [1,0,0,3]
き: [1,0,0,2]
が: [1,0,0,1]
大: [1,0,0,0,3]
ム: [1,0,0,0,2,3]
側: [1,0,0,0,2,2]
丁: [1,0,0,0,2,1,3]
域: [1,0,0,0,2,1,2]
聳: [1,0,0,0,2,1,1]
直: [1,0,0,0,2,1,0]
残: [1,0,0,0,2,0,3]
跡: [1,0,0,0,2,0,2]
他: [1,0,0,0,2,0,1]
万: [1,0,0,0,2,0,0,3]
忘: [1,0,0,0,2,0,0,2]
蔑: [1,0,0,0,2,0,0,1]
老: [1,0,0,0,2,0,0,0]
素: [1,0,0,0,1,3]
自: [1,0,0,0,1,2]
沛: [1,0,0,0,1,1,3]
造: [1,0,0,0,1,1,2]
名: [1,0,0,0,1,1,1]
ニ: [1,0,0,0,1,1,0,3]
尋: [1,0,0,0,1,1,0,2]
簡: [1,0,0,0,1,1,0,1]
券: [1,0,0,0,1,1,0,0]
革: [1,0,0,0,1,0,3]
船: [1,0,0,0,1,0,2]
償: [1,0,0,0,1,0,1,3]
必: [1,0,0,0,1,0,1,2]
英: [1,0,0,0,1,0,1,1]
山: [1,0,0,0,1,0,1,0]
ョ: [1,0,0,0,1,0,0]
築: [1,0,0,0,0,3]
機: [1,0,0,0,0,2,3]
院: [1,0,0,0,0,2,2]
々: [1,0,0,0,0,2,1]
重: [1,0,0,0,0,2,0]
シ: [1,0,0,0,0,1,3]
ひ: [1,0,0,0,0,1,2]
別: [1,0,0,0,0,1,1,3]
幕: [1,0,0,0,0,1,1,2]
眉: [1,0,0,0,0,1,1,1]
権: [1,0,0,0,0,1,1,0]
抵: [1,0,0,0,0,1,0,3]
被: [1,0,0,0,0,1,0,2]
隊: [1,0,0,0,0,1,0,1]
港: [1,0,0,0,0,1,0,0]
よ: [1,0,0,0,0,0]
の: [0,3]
さ: [0,2,3]
す: [0,2,2]
、: [0,2,1]
ジ: [0,2,0,3]
二: [0,2,0,2,3]
安: [0,2,0,2,2]
ァ: [0,2,0,2,1]
車: [0,2,0,2,0]
式: [0,2,0,1,3]
ほ: [0,2,0,1,2]
歌: [0,2,0,1,1,3]
鄙: [0,2,0,1,1,2]
少: [0,2,0,1,1,1]
同: [0,2,0,1,1,0,3]
幹: [0,2,0,1,1,0,2]
激: [0,2,0,1,1,0,1]
午: [0,2,0,1,1,0,0]
類: [0,2,0,1,0,3]
生: [0,2,0,1,0,2]
充: [0,2,0,1,0,1,3]
念: [0,2,0,1,0,1,2]
的: [0,2,0,1,0,1,1]
床: [0,2,0,1,0,1,0]
海: [0,2,0,1,0,0]
雨: [0,2,0,0,3]
昇: [0,2,0,0,2,3]
調: [0,2,0,0,2,2]
ぞ: [0,2,0,0,2,1]
傘: [0,2,0,0,2,0,3]
埋: [0,2,0,0,2,0,2]
縦: [0,2,0,0,2,0,1]
神: [0,2,0,0,2,0,0]
ち: [0,2,0,0,1]
そ: [0,2,0,0,0]
っ: [0,1,3]
と: [0,1,2]
カ: [0,1,1,3]
「: [0,1,1,2]
過: [0,1,1,1,3]
オ: [0,1,1,1,2]
歴: [0,1,1,1,1,3]
門: [0,1,1,1,1,2]
指: [0,1,1,1,1,1]
体: [0,1,1,1,1,0,3]
応: [0,1,1,1,1,0,2]
煉: [0,1,1,1,1,0,1]
団: [0,1,1,1,1,0,0]
高: [0,1,1,1,0,3]
眠: [0,1,1,1,0,2]
問: [0,1,1,1,0,1,3]
形: [0,1,1,1,0,1,2]
眺: [0,1,1,1,0,1,1]
心: [0,1,1,1,0,1,0]
言: [0,1,1,1,0,0]
会: [0,1,1,0,3]
ア: [0,1,1,0,2]
ブ: [0,1,1,0,1,3]
ミ: [0,1,1,0,1,2]
伝: [0,1,1,0,1,1,3]
態: [0,1,1,0,1,1,2]
終: [0,1,1,0,1,1,1]
波: [0,1,1,0,1,1,0]
拶: [0,1,1,0,1,0,3]
角: [0,1,1,0,1,0,2]
面: [0,1,1,0,1,0,1]
送: [0,1,1,0,1,0,0]
方: [0,1,1,0,0,3]
ね: [0,1,1,0,0,2]
末: [0,1,1,0,0,1,3]
軽: [0,1,1,0,0,1,2]
保: [0,1,1,0,0,1,1]
史: [0,1,1,0,0,1,0,3]
性: [0,1,1,0,0,1,0,2]
耐: [0,1,1,0,0,1,0,1]
職: [0,1,1,0,0,1,0,0]
ラ: [0,1,1,0,0,0]
・: [0,1,0,3]
ご: [0,1,0,2,3]
水: [0,1,0,2,2]
料: [0,1,0,2,1,3]
関: [0,1,0,2,1,2]
民: [0,1,0,2,1,1]
使: [0,1,0,2,1,0,3]
想: [0,1,0,2,1,0,2]
男: [0,1,0,2,1,0,1]
寄: [0,1,0,2,1,0,0]
ぬ: [0,1,0,2,0,3]
音: [0,1,0,2,0,2]
プ: [0,1,0,2,0,1,3]
姿: [0,1,0,2,0,1,2]
秀: [0,1,0,2,0,1,1]
楽: [0,1,0,2,0,1,0]
攻: [0,1,0,2,0,0,3]
要: [0,1,0,2,0,0,2]
頷: [0,1,0,2,0,0,1]
後: [0,1,0,2,0,0,0]
。: [0,1,0,1]
彼: [0,1,0,0,3]
三: [0,1,0,0,2,3]
医: [0,1,0,0,2,2]
像: [0,1,0,0,2,1,3]
巻: [0,1,0,0,2,1,2]
肩: [0,1,0,0,2,1,1]
知: [0,1,0,0,2,1,0]
ば: [0,1,0,0,2,0]
広: [0,1,0,0,1,3]
決: [0,1,0,0,1,2]
業: [0,1,0,0,1,1,3]
連: [0,1,0,0,1,1,2]
味: [0,1,0,0,1,1,1]
ズ: [0,1,0,0,1,1,0,3]
帳: [0,1,0,0,1,1,0,2]
虚: [0,1,0,0,1,1,0,1]
匂: [0,1,0,0,1,1,0,0]
飛: [0,1,0,0,1,0,3]
荷: [0,1,0,0,1,0,2]
喜: [0,1,0,0,1,0,1,3]
囲: [0,1,0,0,1,0,1,2]
移: [0,1,0,0,1,0,1,1]
放: [0,1,0,0,1,0,1,0]
チ: [0,1,0,0,1,0,0]
通: [0,1,0,0,0,3]
泊: [0,1,0,0,0,2,3]
誰: [0,1,0,0,0,2,2]
じ: [0,1,0,0,0,2,1]
降: [0,1,0,0,0,2,0]
グ: [0,1,0,0,0,1,3]
ぼ: [0,1,0,0,0,1,2]
円: [0,1,0,0,0,1,1,3]
席: [0,1,0,0,0,1,1,2]
約: [0,1,0,0,0,1,1,1]
汽: [0,1,0,0,0,1,1,0]
押: [0,1,0,0,0,1,0,3]
襟: [0,1,0,0,0,1,0,2]
頭: [0,1,0,0,0,1,0,1]
目: [0,1,0,0,0,1,0,0]
く: [0,1,0,0,0,0]
い: [0,0,3]
人: [0,0,2,3]
け: [0,0,2,2]
鉄: [0,0,2,1,3]
任: [0,0,2,1,2]
沈: [0,0,2,1,1,3]
議: [0,0,2,1,1,2]
晴: [0,0,2,1,1,1]
嘆: [0,0,2,1,1,0,3]
折: [0,0,2,1,1,0,2]
瓦: [0,0,2,1,1,0,1]
多: [0,0,2,1,1,0,0]
ゆ: [0,0,2,1,0,3]
越: [0,0,2,1,0,2]
制: [0,0,2,1,0,1,3]
幅: [0,0,2,1,0,1,2]
紀: [0,0,2,1,0,1,1]
有: [0,0,2,1,0,1,0]
撥: [0,0,2,1,0,0,3]
褒: [0,0,2,1,0,0,2]
買: [0,0,2,1,0,0,1]
奏: [0,0,2,1,0,0,0]
る: [0,0,2,0]
も: [0,0,1,3]
り: [0,0,1,2]
む: [0,0,1,1,3]
上: [0,0,1,1,2]
下: [0,0,1,1,1,3]
介: [0,0,1,1,1,2]
値: [0,0,1,1,1,1,3]
抜: [0,0,1,1,1,1,2]
織: [0,0,1,1,1,1,1]
由: [0,0,1,1,1,1,0]
枠: [0,0,1,1,1,0,3]
貿: [0,0,1,1,1,0,2]
仕: [0,0,1,1,1,0,1]
ェ: [0,0,1,1,1,0,0,3]
導: [0,0,1,1,1,0,0,2]
荘: [0,0,1,1,1,0,0,1]
羊: [0,0,1,1,1,0,0,0]
ま: [0,0,1,1,0]
ど: [0,0,1,0,3]
丈: [0,0,1,0,2,3]
塔: [0,0,1,0,2,2]
―: [0,0,1,0,2,1]
堂: [0,0,1,0,2,0]
紹: [0,0,1,0,1,3]
祭: [0,0,1,0,1,2]
架: [0,0,1,0,1,1,3]
遥: [0,0,1,0,1,1,2]
商: [0,0,1,0,1,1,1]
》: [0,0,1,0,1,1,0,3]
変: [0,0,1,0,1,1,0,2]
演: [0,0,1,0,1,1,0,1]
区: [0,0,1,0,1,1,0,0]
霧: [0,0,1,0,1,0,3]
舞: [0,0,1,0,1,0,2]
作: [0,0,1,0,1,0,1,3]
墓: [0,0,1,0,1,0,1,2]
秘: [0,0,1,0,1,0,1,1]
支: [0,0,1,0,1,0,1,0]
中: [0,0,1,0,1,0,0]
こ: [0,0,1,0,0]
う: [0,0,0,3]
て: [0,0,0,2]
レ: [0,0,0,1,3]
以: [0,0,0,1,2,3]
屋: [0,0,0,1,2,2]
分: [0,0,0,1,2,1]
東: [0,0,0,1,2,0,3]
諺: [0,0,0,1,2,0,2]
代: [0,0,0,1,2,0,1]
ゼ: [0,0,0,1,2,0,0,3]
峡: [0,0,0,1,2,0,0,2]
藁: [0,0,0,1,2,0,0,1]
社: [0,0,0,1,2,0,0,0]
身: [0,0,0,1,1,3]
主: [0,0,0,1,1,2]
比: [0,0,0,1,1,1,3]
醸: [0,0,0,1,1,1,2]
廊: [0,0,0,1,1,1,1]
ペ: [0,0,0,1,1,1,0,3]
天: [0,0,0,1,1,1,0,2]
然: [0,0,0,1,1,1,0,1]
参: [0,0,0,1,1,1,0,0]
験: [0,0,0,1,1,0,3]
町: [0,0,0,1,1,0,2]
ロ: [0,0,0,1,1,0,1,3]
払: [0,0,0,1,1,0,1,2]
真: [0,0,0,1,1,0,1,1]
役: [0,0,0,1,1,0,1,0]
物: [0,0,0,1,1,0,0]
げ: [0,0,0,1,0,3]
フ: [0,0,0,1,0,2]
ん: [0,0,0,1,0,1]
振: [0,0,0,1,0,0,3]
場: [0,0,0,1,0,0,2]
旅: [0,0,0,1,0,0,1,3]
載: [0,0,0,1,0,0,1,2]
到: [0,0,0,1,0,0,1,1]
セ: [0,0,0,1,0,0,1,0,3]
御: [0,0,0,1,0,0,1,0,2]
測: [0,0,0,1,0,0,1,0,1]
便: [0,0,0,1,0,0,1,0,0]
領: [0,0,0,1,0,0,0,3]
話: [0,0,0,1,0,0,0,2]
吟: [0,0,0,1,0,0,0,1,3]
快: [0,0,0,1,0,0,0,1,2]
艦: [0,0,0,1,0,0,0,1,1]
工: [0,0,0,1,0,0,0,1,0]
揖: [0,0,0,1,0,0,0,0,3]
袖: [0,0,0,1,0,0,0,0,2]
輪: [0,0,0,1,0,0,0,0,1]
利: [0,0,0,1,0,0,0,0,0]
 : [0,0,0,0,3]
防: [0,0,0,0,2,3]
司: [0,0,0,0,2,2]
泥: [0,0,0,0,2,1,3]
謙: [0,0,0,0,2,1,2]
歩: [0,0,0,0,2,1,1]
ギ: [0,0,0,0,2,1,0,3]
抱: [0,0,0,0,2,1,0,2]
申: [0,0,0,0,2,1,0,1]
委: [0,0,0,0,2,1,0,0]
ォ: [0,0,0,0,2,0,3]
足: [0,0,0,0,2,0,2]
ザ: [0,0,0,0,2,0,1,3]
徴: [0,0,0,0,2,0,1,2]
筋: [0,0,0,0,2,0,1,1]
望: [0,0,0,0,2,0,1,0]
挨: [0,0,0,0,2,0,0,3]
託: [0,0,0,0,2,0,0,2]
都: [0,0,0,0,2,0,0,1]
取: [0,0,0,0,2,0,0,0]
地: [0,0,0,0,1,3]
エ: [0,0,0,0,1,2]
ポ: [0,0,0,0,1,1,3]
差: [0,0,0,0,1,1,2]
付: [0,0,0,0,1,1,1,3]
州: [0,0,0,0,1,1,1,2]
縮: [0,0,0,0,1,1,1,1]
濡: [0,0,0,0,1,1,1,0]
板: [0,0,0,0,1,1,0,3]
貌: [0,0,0,0,1,1,0,2]
ダ: [0,0,0,0,1,1,0,1]
七: [0,0,0,0,1,1,0,0,3]
客: [0,0,0,0,1,1,0,0,2]
稲: [0,0,0,0,1,1,0,0,1]
細: [0,0,0,0,1,1,0,0,0]
年: [0,0,0,0,1,0,3]
川: [0,0,0,0,1,0,2]
案: [0,0,0,0,1,0,1,3]
追: [0,0,0,0,1,0,1,2]
北: [0,0,0,0,1,0,1,1]
停: [0,0,0,0,1,0,1,0,3]
抑: [0,0,0,0,1,0,1,0,2]
背: [0,0,0,0,1,0,1,0,1]
元: [0,0,0,0,1,0,1,0,0]
雄: [0,0,0,0,1,0,0,3]
空: [0,0,0,0,1,0,0,2]
台: [0,0,0,0,1,0,0,1,3]
幾: [0,0,0,0,1,0,0,1,2]
相: [0,0,0,0,1,0,0,1,1]
度: [0,0,0,0,1,0,0,1,0]
探: [0,0,0,0,1,0,0,0,3]
観: [0,0,0,0,1,0,0,0,2]
進: [0,0,0,0,1,0,0,0,1]
内: [0,0,0,0,1,0,0,0,0]
た: [0,0,0,0,0]