Runtime: 0.085s
Pearllengths in mm: 101,378,400,500,1100
Messagelength in mm: 1194153268
⸐: [4]
▯: [3,4]
⎱: [3,3]
⎚: [3,2,4]
ä: [3,2,3]
≱: [3,2,2]
⌭: [3,2,1,4]
ϰ: [3,2,1,3]
і: [3,2,1,2]
♜: [3,2,1,1]
ω: [3,2,1,0,4]
ṥ: [3,2,1,0,3]
ℴ: [3,2,1,0,2]
з: [3,2,1,0,1]
Ѷ: [3,2,1,0,0,4]
⇾: [3,2,1,0,0,3]
Є: [3,2,1,0,0,2]
┒: [3,2,1,0,0,1]
⌻: [3,2,1,0,0,0,4]
Ǚ: [3,2,1,0,0,0,3]
┌: [3,2,1,0,0,0,2]
⚵: [3,2,1,0,0,0,1]
⛎: [3,2,1,0,0,0,0]
Ṥ: [3,2,0,4]
ȍ: [3,2,0,3,4]
∽: [3,2,0,3,3]
Ṿ: [3,2,0,3,2]
þ: [3,2,0,3,1]
⸾: [3,2,0,3,0]
Æ: [3,2,0,2]
ѯ: [3,2,0,1,4]
ḹ: [3,2,0,1,3]
⌞: [3,2,0,1,2]
ѐ: [3,2,0,1,1]
Ѻ: [3,2,0,1,0,4]
∮: [3,2,0,1,0,3]
Ϩ: [3,2,0,1,0,2]
☀: [3,2,0,1,0,1]
⏨: [3,2,0,1,0,0,4]
Θ: [3,2,0,1,0,0,3]
╚: [3,2,0,1,0,0,2]
♋: [3,2,0,1,0,0,1]
⚈: [3,2,0,1,0,0,0]
⌺: [3,2,0,0]
Ƿ: [3,1,4]
⎗: [3,1,3]
╣: [3,1,2]
7: [3,1,1]
⏗: [3,1,0,4]
й: [3,1,0,3,4]
⎬: [3,1,0,3,3]
Ѹ: [3,1,0,3,2]
X: [3,1,0,3,1]
▦: [3,1,0,3,0,4]
ǂ: [3,1,0,3,0,3]
Ḙ: [3,1,0,3,0,2]
Ҵ: [3,1,0,3,0,1]
⌄: [3,1,0,3,0,0]
⇦: [3,1,0,2]
פ: [3,1,0,1]
Ξ: [3,1,0,0]
⸅: [3,0,4]
ҳ: [3,0,3,4]
ê: [3,0,3,3]
į: [3,0,3,2,4]
Ẩ: [3,0,3,2,3]
ִ: [3,0,3,2,2]
☮: [3,0,3,2,1]
⊌: [3,0,3,2,0]
ΰ: [3,0,3,1,4]
⋙: [3,0,3,1,3]
Ι: [3,0,3,1,2]
΅: [3,0,3,1,1]
↙: [3,0,3,1,0]
╘: [3,0,3,0,4]
י: [3,0,3,0,3]
х: [3,0,3,0,2]
⚛: [3,0,3,0,1,4]
҅: [3,0,3,0,1,3]
•: [3,0,3,0,1,2]
℡: [3,0,3,0,1,1]
}: [3,0,3,0,1,0]
℺: [3,0,3,0,0,4]
ǩ: [3,0,3,0,0,3]
Ł: [3,0,3,0,0,2]
ℭ: [3,0,3,0,0,1]
ố: [3,0,3,0,0,0,4]
⌱: [3,0,3,0,0,0,3]
⸴: [3,0,3,0,0,0,2]
♅: [3,0,3,0,0,0,1]
Й: [3,0,3,0,0,0,0,4]
⇃: [3,0,3,0,0,0,0,3]
⊜: [3,0,3,0,0,0,0,2]
≋: [3,0,3,0,0,0,0,1]
⛕: [3,0,3,0,0,0,0,0]
‡: [3,0,2,4]
ǜ: [3,0,2,3]
‶: [3,0,2,2]
ӱ: [3,0,2,1,4]
℩: [3,0,2,1,3]
я: [3,0,2,1,2]
⍠: [3,0,2,1,1]
Ҩ: [3,0,2,1,0,4]
⊢: [3,0,2,1,0,3]
њ: [3,0,2,1,0,2]
⛡: [3,0,2,1,0,1]
╳: [3,0,2,1,0,0,4]
э: [3,0,2,1,0,0,3]
♧: [3,0,2,1,0,0,2]
⛴: [3,0,2,1,0,0,1]
Н: [3,0,2,1,0,0,0]
Å: [3,0,2,0,4]
Э: [3,0,2,0,3]
⸍: [3,0,2,0,2]
╔: [3,0,2,0,1,4]
⚗: [3,0,2,0,1,3]
☘: [3,0,2,0,1,2]
֪: [3,0,2,0,1,1]
ỗ: [3,0,2,0,1,0]
ҡ: [3,0,2,0,0,4]
Ŕ: [3,0,2,0,0,3]
p: [3,0,2,0,0,2]
⇲: [3,0,2,0,0,1,4]
⎛: [3,0,2,0,0,1,3]
ẵ: [3,0,2,0,0,1,2]
⚸: [3,0,2,0,0,1,1]
Ɯ: [3,0,2,0,0,1,0]
֕: [3,0,2,0,0,0]
⏴: [3,0,1,4]
т: [3,0,1,3,4]
┣: [3,0,1,3,3]
ḭ: [3,0,1,3,2]
҃: [3,0,1,3,1]
☕: [3,0,1,3,0,4]
ѧ: [3,0,1,3,0,3]
ṫ: [3,0,1,3,0,2]
ι: [3,0,1,3,0,1]
Ḡ: [3,0,1,3,0,0]
ḍ: [3,0,1,2,4]
ⱳ: [3,0,1,2,3]
▣: [3,0,1,2,2]
ͻ: [3,0,1,2,1]
℔: [3,0,1,2,0,4]
⍡: [3,0,1,2,0,3]
ỹ: [3,0,1,2,0,2]
Ț: [3,0,1,2,0,1]
◪: [3,0,1,2,0,0,4]
ѥ: [3,0,1,2,0,0,3]
♪: [3,0,1,2,0,0,2]
ǰ: [3,0,1,2,0,0,1]
™: [3,0,1,2,0,0,0]
֮: [3,0,1,1]
⚪: [3,0,1,0,4]
π: [3,0,1,0,3]
Ⱨ: [3,0,1,0,2,4]
Β: [3,0,1,0,2,3]
ŗ: [3,0,1,0,2,2]
ȑ: [3,0,1,0,2,1]
ײ: [3,0,1,0,2,0,4]
∦: [3,0,1,0,2,0,3]
Ž: [3,0,1,0,2,0,2]
ỽ: [3,0,1,0,2,0,1]
Ȟ: [3,0,1,0,2,0,0]
┋: [3,0,1,0,1]
Ɓ: [3,0,1,0,0]
Ŝ: [3,0,0,4]
☠: [3,0,0,3,4]
Ṓ: [3,0,0,3,3]
■: [3,0,0,3,2]
ך: [3,0,0,3,1]
∠: [3,0,0,3,0,4]
Ӄ: [3,0,0,3,0,3]
⌒: [3,0,0,3,0,2]
ƨ: [3,0,0,3,0,1]
ℶ: [3,0,0,3,0,0,4]
⏿: [3,0,0,3,0,0,3]
⌣: [3,0,0,3,0,0,2]
⚟: [3,0,0,3,0,0,1]
҇: [3,0,0,3,0,0,0,4]
⊗: [3,0,0,3,0,0,0,3]
⋮: [3,0,0,3,0,0,0,2]
⋅: [3,0,0,3,0,0,0,1]
ѻ: [3,0,0,3,0,0,0,0]
Ȓ: [3,0,0,2,4]
Ḻ: [3,0,0,2,3]
Ğ: [3,0,0,2,2]
╷: [3,0,0,2,1,4]
1: [3,0,0,2,1,3]
⛒: [3,0,0,2,1,2]
⇷: [3,0,0,2,1,1]
΄: [3,0,0,2,1,0,4]
ֲ: [3,0,0,2,1,0,3]
⹋: [3,0,0,2,1,0,2]
Л: [3,0,0,2,1,0,1]
↮: [3,0,0,2,1,0,0]
ṑ: [3,0,0,2,0,4]
ℍ: [3,0,0,2,0,3]
Ψ: [3,0,0,2,0,2]
∡: [3,0,0,2,0,1,4]
⎥: [3,0,0,2,0,1,3]
Ề: [3,0,0,2,0,1,2]
T: [3,0,0,2,0,1,1]
Ṻ: [3,0,0,2,0,1,0]
ƛ: [3,0,0,2,0,0,4]
ӥ: [3,0,0,2,0,0,3]
∐: [3,0,0,2,0,0,2]
┼: [3,0,0,2,0,0,1]
⚨: [3,0,0,2,0,0,0]
d: [3,0,0,1,4]
▱: [3,0,0,1,3]
¤: [3,0,0,1,2,4]
С: [3,0,0,1,2,3]
Ҹ: [3,0,0,1,2,2]
ḃ: [3,0,0,1,2,1]
ḻ: [3,0,0,1,2,0,4]
≒: [3,0,0,1,2,0,3]
Ѐ: [3,0,0,1,2,0,2]
⌰: [3,0,0,1,2,0,1]
⋁: [3,0,0,1,2,0,0]
ⱪ: [3,0,0,1,1]
θ: [3,0,0,1,0,4]
Ḍ: [3,0,0,1,0,3]
ṡ: [3,0,0,1,0,2,4]
ŵ: [3,0,0,1,0,2,3]
╞: [3,0,0,1,0,2,2]
֚: [3,0,0,1,0,2,1]
☬: [3,0,0,1,0,2,0]
⇞: [3,0,0,1,0,1]
Ӵ: [3,0,0,1,0,0,4]
⍾: [3,0,0,1,0,0,3]
┴: [3,0,0,1,0,0,2]
▰: [3,0,0,1,0,0,1]
Ṹ: [3,0,0,1,0,0,0,4]
ӓ: [3,0,0,1,0,0,0,3]
Ƨ: [3,0,0,1,0,0,0,2]
ǆ: [3,0,0,1,0,0,0,1]
☥: [3,0,0,1,0,0,0,0,4]
⸶: [3,0,0,1,0,0,0,0,3]
Ø: [3,0,0,1,0,0,0,0,2]
ṍ: [3,0,0,1,0,0,0,0,1]
õ: [3,0,0,1,0,0,0,0,0,4]
⎓: [3,0,0,1,0,0,0,0,0,3]
┿: [3,0,0,1,0,0,0,0,0,2]
ừ: [3,0,0,1,0,0,0,0,0,1]
♯: [3,0,0,1,0,0,0,0,0,0]
⏍: [3,0,0,0,4]
⊋: [3,0,0,0,3,4]
Ḝ: [3,0,0,0,3,3]
ï: [3,0,0,0,3,2]
ṋ: [3,0,0,0,3,1]
⇨: [3,0,0,0,3,0,4]
╡: [3,0,0,0,3,0,3]
á: [3,0,0,0,3,0,2]
Ƶ: [3,0,0,0,3,0,1]
ề: [3,0,0,0,3,0,0,4]
⊣: [3,0,0,0,3,0,0,3]
⍌: [3,0,0,0,3,0,0,2]
─: [3,0,0,0,3,0,0,1]
ǡ: [3,0,0,0,3,0,0,0]
≄: [3,0,0,0,2,4]
ℓ: [3,0,0,0,2,3]
⇝: [3,0,0,0,2,2]
Ņ: [3,0,0,0,2,1,4]
☎: [3,0,0,0,2,1,3]
⍨: [3,0,0,0,2,1,2]
ǔ: [3,0,0,0,2,1,1]
⎁: [3,0,0,0,2,1,0]
ϫ: [3,0,0,0,2,0,4]
⸒: [3,0,0,0,2,0,3]
ⱸ: [3,0,0,0,2,0,2]
ϣ: [3,0,0,0,2,0,1]
ǘ: [3,0,0,0,2,0,0,4]
Ŋ: [3,0,0,0,2,0,0,3]
đ: [3,0,0,0,2,0,0,2]
Ϻ: [3,0,0,0,2,0,0,1]
⍈: [3,0,0,0,2,0,0,0]
Ͻ: [3,0,0,0,1,4]
3: [3,0,0,0,1,3]
≞: [3,0,0,0,1,2,4]
ǀ: [3,0,0,0,1,2,3]
◝: [3,0,0,0,1,2,2]
װ: [3,0,0,0,1,2,1]
⍋: [3,0,0,0,1,2,0]
ȹ: [3,0,0,0,1,1]
ֿ: [3,0,0,0,1,0,4]
⚢: [3,0,0,0,1,0,3]
ד: [3,0,0,0,1,0,2]
⚚: [3,0,0,0,1,0,1]
ẝ: [3,0,0,0,1,0,0,4]
ר: [3,0,0,0,1,0,0,3]
֫: [3,0,0,0,1,0,0,2]
Ḧ: [3,0,0,0,1,0,0,1]
☭: [3,0,0,0,1,0,0,0,4]
Ċ: [3,0,0,0,1,0,0,0,3]
Ƹ: [3,0,0,0,1,0,0,0,2]
ằ: [3,0,0,0,1,0,0,0,1]
⚅: [3,0,0,0,1,0,0,0,0]
²: [3,0,0,0,0,4]
≀: [3,0,0,0,0,3,4]
⸙: [3,0,0,0,0,3,3]
Ǉ: [3,0,0,0,0,3,2]
Б: [3,0,0,0,0,3,1]
֢: [3,0,0,0,0,3,0]
ẚ: [3,0,0,0,0,2,4]
ṃ: [3,0,0,0,0,2,3]
τ: [3,0,0,0,0,2,2]
ӛ: [3,0,0,0,0,2,1]
Ϥ: [3,0,0,0,0,2,0,4]
ג: [3,0,0,0,0,2,0,3]
♶: [3,0,0,0,0,2,0,2]
╱: [3,0,0,0,0,2,0,1]
⚹: [3,0,0,0,0,2,0,0]
Ờ: [3,0,0,0,0,1,4]
Ⱡ: [3,0,0,0,0,1,3]
♛: [3,0,0,0,0,1,2]
>: [3,0,0,0,0,1,1]
↔: [3,0,0,0,0,1,0,4]
⅀: [3,0,0,0,0,1,0,3]
⍴: [3,0,0,0,0,1,0,2]
≩: [3,0,0,0,0,1,0,1]
⚺: [3,0,0,0,0,1,0,0,4]
Ɛ: [3,0,0,0,0,1,0,0,3]
Ḋ: [3,0,0,0,0,1,0,0,2]
⎨: [3,0,0,0,0,1,0,0,1]
ǌ: [3,0,0,0,0,1,0,0,0,4]
╺: [3,0,0,0,0,1,0,0,0,3]
⚶: [3,0,0,0,0,1,0,0,0,2]
ℕ: [3,0,0,0,0,1,0,0,0,1]
⛜: [3,0,0,0,0,1,0,0,0,0]
⍰: [3,0,0,0,0,0]
Ḭ: [2,4]
⏂: [2,3,4]
⏟: [2,3,3,4]
‼: [2,3,3,3]
∳: [2,3,3,2]
έ: [2,3,3,1]
⛼: [2,3,3,0,4]
Ѭ: [2,3,3,0,3]
Ӝ: [2,3,3,0,2]
⊹: [2,3,3,0,1]
č: [2,3,3,0,0]
☖: [2,3,2]
♑: [2,3,1]
ữ: [2,3,0,4]
Ʌ: [2,3,0,3]
Ồ: [2,3,0,2]
֦: [2,3,0,1,4]
ℑ: [2,3,0,1,3]
Ʒ: [2,3,0,1,2]
⋨: [2,3,0,1,1]
ŋ: [2,3,0,1,0]
x: [2,3,0,0,4]
ת: [2,3,0,0,3]
┆: [2,3,0,0,2,4]
ѕ: [2,3,0,0,2,3]
Ť: [2,3,0,0,2,2]
♮: [2,3,0,0,2,1]
8: [2,3,0,0,2,0]
≘: [2,3,0,0,1,4]
▾: [2,3,0,0,1,3]
⎾: [2,3,0,0,1,2]
ӹ: [2,3,0,0,1,1]
Ⱶ: [2,3,0,0,1,0,4]
҄: [2,3,0,0,1,0,3]
⛭: [2,3,0,0,1,0,2]
ȝ: [2,3,0,0,1,0,1]
⊾: [2,3,0,0,1,0,0]
ő: [2,3,0,0,0]
ÿ: [2,2]
ͼ: [2,1,4]
Ȅ: [2,1,3]
ḇ: [2,1,2]
◨: [2,1,1]
╆: [2,1,0,4]
⊞: [2,1,0,3]
⊟: [2,1,0,2,4]
Ằ: [2,1,0,2,3]
α: [2,1,0,2,2]
⏋: [2,1,0,2,1]
⚽: [2,1,0,2,0,4]
⊪: [2,1,0,2,0,3]
↜: [2,1,0,2,0,2]
Å: [2,1,0,2,0,1]
⏘: [2,1,0,2,0,0,4]
☷: [2,1,0,2,0,0,3]
ṓ: [2,1,0,2,0,0,2]
И: [2,1,0,2,0,0,1]
⌆: [2,1,0,2,0,0,0,4]
⁒: [2,1,0,2,0,0,0,3]
♃: [2,1,0,2,0,0,0,2]
»: [2,1,0,2,0,0,0,1]
⚷: [2,1,0,2,0,0,0,0]
Ÿ: [2,1,0,1]
ׯ: [2,1,0,0,4]
Ō: [2,1,0,0,3,4]
ở: [2,1,0,0,3,3]
ṛ: [2,1,0,0,3,2]
╂: [2,1,0,0,3,1]
℧: [2,1,0,0,3,0,4]
⊅: [2,1,0,0,3,0,3]
ḕ: [2,1,0,0,3,0,2]
◍: [2,1,0,0,3,0,1]
℣: [2,1,0,0,3,0,0]
ţ: [2,1,0,0,2,4]
ң: [2,1,0,0,2,3]
⸞: [2,1,0,0,2,2]
⏜: [2,1,0,0,2,1]
⛫: [2,1,0,0,2,0,4]
⸹: [2,1,0,0,2,0,3]
⎰: [2,1,0,0,2,0,2]
⁃: [2,1,0,0,2,0,1]
_: [2,1,0,0,2,0,0,4]
⍊: [2,1,0,0,2,0,0,3]
M: [2,1,0,0,2,0,0,2]
Α: [2,1,0,0,2,0,0,1]
ụ: [2,1,0,0,2,0,0,0]
∞: [2,1,0,0,1,4]
Ҧ: [2,1,0,0,1,3]
♺: [2,1,0,0,1,2]
Ḟ: [2,1,0,0,1,1]
‑: [2,1,0,0,1,0,4]
⇓: [2,1,0,0,1,0,3]
׃: [2,1,0,0,1,0,2]
⋖: [2,1,0,0,1,0,1]
⛛: [2,1,0,0,1,0,0]
f: [2,1,0,0,0]
Ẁ: [2,0,4]
↪: [2,0,3,4]
♿: [2,0,3,3]
Ǿ: [2,0,3,2]
מ: [2,0,3,1,4]
⚜: [2,0,3,1,3]
K: [2,0,3,1,2]
ĸ: [2,0,3,1,1]
ה: [2,0,3,1,0,4]
⌥: [2,0,3,1,0,3]
Ỗ: [2,0,3,1,0,2]
ǟ: [2,0,3,1,0,1]
Ӎ: [2,0,3,1,0,0]
ũ: [2,0,3,0,4]
ț: [2,0,3,0,3]
⛔: [2,0,3,0,2,4]
ѩ: [2,0,3,0,2,3]
Υ: [2,0,3,0,2,2]
u: [2,0,3,0,2,1]
⎺: [2,0,3,0,2,0]
═: [2,0,3,0,1,4]
⸌: [2,0,3,0,1,3]
⛆: [2,0,3,0,1,2]
ⅈ: [2,0,3,0,1,1]
╜: [2,0,3,0,1,0]
ף: [2,0,3,0,0,4]
⁉: [2,0,3,0,0,3]
Ẇ: [2,0,3,0,0,2]
↤: [2,0,3,0,0,1,4]
⎟: [2,0,3,0,0,1,3]
ẁ: [2,0,3,0,0,1,2]
⹖: [2,0,3,0,0,1,1]
ƣ: [2,0,3,0,0,1,0]
Ḇ: [2,0,3,0,0,0]
⋒: [2,0,2,4]
Ṧ: [2,0,2,3]
ẑ: [2,0,2,2]
≯: [2,0,2,1,4]
¹: [2,0,2,1,3]
∺: [2,0,2,1,2]
⌷: [2,0,2,1,1]
⚞: [2,0,2,1,0,4]
‴: [2,0,2,1,0,3]
֬: [2,0,2,1,0,2]
Ử: [2,0,2,1,0,1]
щ: [2,0,2,1,0,0]
Ḑ: [2,0,2,0,4]
Ẍ: [2,0,2,0,3]
⏔: [2,0,2,0,2,4]
Ҽ: [2,0,2,0,2,3]
t: [2,0,2,0,2,2]
Ӭ: [2,0,2,0,2,1]
⌼: [2,0,2,0,2,0,4]
Ϗ: [2,0,2,0,2,0,3]
≈: [2,0,2,0,2,0,2]
ϐ: [2,0,2,0,2,0,1]
ϓ: [2,0,2,0,2,0,0]
⹔: [2,0,2,0,1,4]
⛮: [2,0,2,0,1,3]
╙: [2,0,2,0,1,2]
⋊: [2,0,2,0,1,1]
♙: [2,0,2,0,1,0,4]
⛪: [2,0,2,0,1,0,3]
⋘: [2,0,2,0,1,0,2]
Ӧ: [2,0,2,0,1,0,1]
●: [2,0,2,0,1,0,0,4]
⋃: [2,0,2,0,1,0,0,3]
Ⱳ: [2,0,2,0,1,0,0,2]
Ħ: [2,0,2,0,1,0,0,1]
⏛: [2,0,2,0,1,0,0,0]
⌹: [2,0,2,0,0,4]
☢: [2,0,2,0,0,3]
ֱ: [2,0,2,0,0,2]
*: [2,0,2,0,0,1,4]
Ƀ: [2,0,2,0,0,1,3]
Ɖ: [2,0,2,0,0,1,2]
⌖: [2,0,2,0,0,1,1]
ṗ: [2,0,2,0,0,1,0,4]
☨: [2,0,2,0,0,1,0,3]
Ϊ: [2,0,2,0,0,1,0,2]
⇰: [2,0,2,0,0,1,0,1]
⚃: [2,0,2,0,0,1,0,0]
¨: [2,0,2,0,0,0,4]
⏡: [2,0,2,0,0,0,3]
⎊: [2,0,2,0,0,0,2]
⍳: [2,0,2,0,0,0,1]
ḝ: [2,0,2,0,0,0,0]
♄: [2,0,1,4]
⎴: [2,0,1,3]
⊡: [2,0,1,2,4]
⁍: [2,0,1,2,3]
Ĳ: [2,0,1,2,2]
╹: [2,0,1,2,1]
Ȿ: [2,0,1,2,0,4]
⎽: [2,0,1,2,0,3]
┰: [2,0,1,2,0,2]
⇂: [2,0,1,2,0,1]
┏: [2,0,1,2,0,0,4]
⚱: [2,0,1,2,0,0,3]
↿: [2,0,1,2,0,0,2]
ь: [2,0,1,2,0,0,1]
▫: [2,0,1,2,0,0,0,4]
⊊: [2,0,1,2,0,0,0,3]
⚮: [2,0,1,2,0,0,0,2]
ħ: [2,0,1,2,0,0,0,1]
≿: [2,0,1,2,0,0,0,0]
⏵: [2,0,1,1,4]
Ë: [2,0,1,1,3]
Ȩ: [2,0,1,1,2]
≙: [2,0,1,1,1]
“: [2,0,1,1,0,4]
⛢: [2,0,1,1,0,3]
⊈: [2,0,1,1,0,2]
ƹ: [2,0,1,1,0,1]
ḙ: [2,0,1,1,0,0]
ḁ: [2,0,1,0,4]
Ȑ: [2,0,1,0,3,4]
∥: [2,0,1,0,3,3]
„: [2,0,1,0,3,2]
☇: [2,0,1,0,3,1]
©: [2,0,1,0,3,0]
Ű: [2,0,1,0,2,4]
Ӊ: [2,0,1,0,2,3]
ȳ: [2,0,1,0,2,2]
⚻: [2,0,1,0,2,1]
Ɽ: [2,0,1,0,2,0,4]
£: [2,0,1,0,2,0,3]
☴: [2,0,1,0,2,0,2]
↯: [2,0,1,0,2,0,1]
ӏ: [2,0,1,0,2,0,0]
∿: [2,0,1,0,1,4]
Ӗ: [2,0,1,0,1,3]
⛧: [2,0,1,0,1,2]
⋹: [2,0,1,0,1,1]
℗: [2,0,1,0,1,0,4]
∁: [2,0,1,0,1,0,3]
Ṫ: [2,0,1,0,1,0,2]
⎡: [2,0,1,0,1,0,1]
∴: [2,0,1,0,1,0,0]
Ṍ: [2,0,1,0,0,4]
♇: [2,0,1,0,0,3]
Ǳ: [2,0,1,0,0,2,4]
Ұ: [2,0,1,0,0,2,3]
ộ: [2,0,1,0,0,2,2]
Ð: [2,0,1,0,0,2,1]
Ṭ: [2,0,1,0,0,2,0,4]
⚦: [2,0,1,0,0,2,0,3]
ҽ: [2,0,1,0,0,2,0,2]
≃: [2,0,1,0,0,2,0,1]
Ṑ: [2,0,1,0,0,2,0,0]
⊿: [2,0,1,0,0,1,4]
◢: [2,0,1,0,0,1,3]
Ȯ: [2,0,1,0,0,1,2]
⋗: [2,0,1,0,0,1,1]
♟: [2,0,1,0,0,1,0]
ǭ: [2,0,1,0,0,0]
☋: [2,0,0,4]
Њ: [2,0,0,3,4]
⊝: [2,0,0,3,3]
≹: [2,0,0,3,2]
⚫: [2,0,0,3,1,4]
Ɏ: [2,0,0,3,1,3]
{: [2,0,0,3,1,2]
⹂: [2,0,0,3,1,1]
Ӛ: [2,0,0,3,1,0,4]
↽: [2,0,0,3,1,0,3]
ā: [2,0,0,3,1,0,2]
‥: [2,0,0,3,1,0,1]
ӻ: [2,0,0,3,1,0,0]
↾: [2,0,0,3,0,4]
ׂ: [2,0,0,3,0,3]
≻: [2,0,0,3,0,2]
╌: [2,0,0,3,0,1,4]
◈: [2,0,0,3,0,1,3]
⅁: [2,0,0,3,0,1,2]
ė: [2,0,0,3,0,1,1]
⸈: [2,0,0,3,0,1,0]
ɉ: [2,0,0,3,0,0,4]
◅: [2,0,0,3,0,0,3]
╫: [2,0,0,3,0,0,2]
℟: [2,0,0,3,0,0,1]
Ż: [2,0,0,3,0,0,0,4]
ĩ: [2,0,0,3,0,0,0,3]
Ą: [2,0,0,3,0,0,0,2]
Ȭ: [2,0,0,3,0,0,0,1]
⍗: [2,0,0,3,0,0,0,0,4]
?: [2,0,0,3,0,0,0,0,3]
Ḛ: [2,0,0,3,0,0,0,0,2]
♸: [2,0,0,3,0,0,0,0,1]
Ṡ: [2,0,0,3,0,0,0,0,0]
Ḷ: [2,0,0,2,4]
☺: [2,0,0,2,3]
⊴: [2,0,0,2,2]
ć: [2,0,0,2,1,4]
ϕ: [2,0,0,2,1,3]
⇎: [2,0,0,2,1,2]
⏓: [2,0,0,2,1,1]
Ư: [2,0,0,2,1,0]
⏸: [2,0,0,2,0,4]
⎎: [2,0,0,2,0,3]
Р: [2,0,0,2,0,2]
Q: [2,0,0,2,0,1,4]
ȿ: [2,0,0,2,0,1,3]
ƻ: [2,0,0,2,0,1,2]
┧: [2,0,0,2,0,1,1]
Ḥ: [2,0,0,2,0,1,0,4]
⎢: [2,0,0,2,0,1,0,3]
Ʋ: [2,0,0,2,0,1,0,2]
ζ: [2,0,0,2,0,1,0,1]
Ŭ: [2,0,0,2,0,1,0,0]
Ã: [2,0,0,2,0,0,4]
▬: [2,0,0,2,0,0,3]
╉: [2,0,0,2,0,0,2]
Ĩ: [2,0,0,2,0,0,1,4]
⹅: [2,0,0,2,0,0,1,3]
Ṅ: [2,0,0,2,0,0,1,2]
⚖: [2,0,0,2,0,0,1,1]
┎: [2,0,0,2,0,0,1,0]
△: [2,0,0,2,0,0,0,4]
♡: [2,0,0,2,0,0,0,3]
ӧ: [2,0,0,2,0,0,0,2]
↑: [2,0,0,2,0,0,0,1]
♐: [2,0,0,2,0,0,0,0,4]
Ř: [2,0,0,2,0,0,0,0,3]
у: [2,0,0,2,0,0,0,0,2]
ϔ: [2,0,0,2,0,0,0,0,1]
Ƴ: [2,0,0,2,0,0,0,0,0,4]
ẞ: [2,0,0,2,0,0,0,0,0,3]
⚴: [2,0,0,2,0,0,0,0,0,2]
⌊: [2,0,0,2,0,0,0,0,0,1]
↲: [2,0,0,2,0,0,0,0,0,0]
⇠: [2,0,0,1,4]
≂: [2,0,0,1,3]
Ȗ: [2,0,0,1,2,4]
≑: [2,0,0,1,2,3]
ḣ: [2,0,0,1,2,2]
⇣: [2,0,0,1,2,1]
Ǡ: [2,0,0,1,2,0]
Ɉ: [2,0,0,1,1]
⍽: [2,0,0,1,0,4]
Ỽ: [2,0,0,1,0,3]
Ǒ: [2,0,0,1,0,2,4]
Ḗ: [2,0,0,1,0,2,3]
║: [2,0,0,1,0,2,2]
ӟ: [2,0,0,1,0,2,1]
Ɂ: [2,0,0,1,0,2,0]
⋟: [2,0,0,1,0,1,4]
⛾: [2,0,0,1,0,1,3]
Ỻ: [2,0,0,1,0,1,2]
☣: [2,0,0,1,0,1,1]
%: [2,0,0,1,0,1,0]
k: [2,0,0,1,0,0,4]
⎶: [2,0,0,1,0,0,3]
∏: [2,0,0,1,0,0,2,4]
ů: [2,0,0,1,0,0,2,3]
⏇: [2,0,0,1,0,0,2,2]
Ậ: [2,0,0,1,0,0,2,1]
ק: [2,0,0,1,0,0,2,0]
℞: [2,0,0,1,0,0,1]
⎉: [2,0,0,1,0,0,0,4]
Ҟ: [2,0,0,1,0,0,0,3]
ƫ: [2,0,0,1,0,0,0,2]
Ƒ: [2,0,0,1,0,0,0,1]
Ӯ: [2,0,0,1,0,0,0,0]
⎣: [2,0,0,0,4]
⏱: [2,0,0,0,3,4]
Ṟ: [2,0,0,0,3,3]
ә: [2,0,0,0,3,2]
Ḓ: [2,0,0,0,3,1]
ׇ: [2,0,0,0,3,0,4]
ǃ: [2,0,0,0,3,0,3]
☓: [2,0,0,0,3,0,2]
Ȉ: [2,0,0,0,3,0,1]
ϒ: [2,0,0,0,3,0,0,4]
Ӓ: [2,0,0,0,3,0,0,3]
⍿: [2,0,0,0,3,0,0,2]
⇌: [2,0,0,0,3,0,0,1]
⛥: [2,0,0,0,3,0,0,0,4]
Ȣ: [2,0,0,0,3,0,0,0,3]
⇪: [2,0,0,0,3,0,0,0,2]
ȁ: [2,0,0,0,3,0,0,0,1]
ẘ: [2,0,0,0,3,0,0,0,0]
▶: [2,0,0,0,2,4]
ĭ: [2,0,0,0,2,3]
⁔: [2,0,0,0,2,2]
Œ: [2,0,0,0,2,1,4]
Ƚ: [2,0,0,0,2,1,3]
н: [2,0,0,0,2,1,2]
⛅: [2,0,0,0,2,1,1]
╦: [2,0,0,0,2,1,0]
Ź: [2,0,0,0,2,0,4]
⁇: [2,0,0,0,2,0,3]
ŀ: [2,0,0,0,2,0,2]
Ᵽ: [2,0,0,0,2,0,1]
◮: [2,0,0,0,2,0,0,4]
Χ: [2,0,0,0,2,0,0,3]
◖: [2,0,0,0,2,0,0,2]
L: [2,0,0,0,2,0,0,1]
ğ: [2,0,0,0,2,0,0,0]
☱: [2,0,0,0,1,4]
╊: [2,0,0,0,1,3]
җ: [2,0,0,0,1,2]
⏶: [2,0,0,0,1,1,4]
Ȥ: [2,0,0,0,1,1,3]
≗: [2,0,0,0,1,1,2]
ȟ: [2,0,0,0,1,1,1]
↚: [2,0,0,0,1,1,0,4]
¥: [2,0,0,0,1,1,0,3]
⌅: [2,0,0,0,1,1,0,2]
♾: [2,0,0,0,1,1,0,1]
ổ: [2,0,0,0,1,1,0,0]
œ: [2,0,0,0,1,0,4]
֑: [2,0,0,0,1,0,3]
ṽ: [2,0,0,0,1,0,2]
╼: [2,0,0,0,1,0,1,4]
Ч: [2,0,0,0,1,0,1,3]
▵: [2,0,0,0,1,0,1,2]
Ė: [2,0,0,0,1,0,1,1]
ự: [2,0,0,0,1,0,1,0]
♁: [2,0,0,0,1,0,0,4]
≽: [2,0,0,0,1,0,0,3]
ϵ: [2,0,0,0,1,0,0,2]
∟: [2,0,0,0,1,0,0,1]
◡: [2,0,0,0,1,0,0,0,4]
⎌: [2,0,0,0,1,0,0,0,3]
ẻ: [2,0,0,0,1,0,0,0,2]
⌳: [2,0,0,0,1,0,0,0,1]
ɇ: [2,0,0,0,1,0,0,0,0,4]
⇥: [2,0,0,0,1,0,0,0,0,3]
ḉ: [2,0,0,0,1,0,0,0,0,2]
⇆: [2,0,0,0,1,0,0,0,0,1]
◿: [2,0,0,0,1,0,0,0,0,0]
ע: [2,0,0,0,0,4]
⁛: [2,0,0,0,0,3,4]
<: [2,0,0,0,0,3,3]
℃: [2,0,0,0,0,3,2]
Ɲ: [2,0,0,0,0,3,1]
ץ: [2,0,0,0,0,3,0,4]
⇁: [2,0,0,0,0,3,0,3]
ḫ: [2,0,0,0,0,3,0,2]
ҭ: [2,0,0,0,0,3,0,1]
ı: [2,0,0,0,0,3,0,0,4]
ן: [2,0,0,0,0,3,0,0,3]
┊: [2,0,0,0,0,3,0,0,2]
⋥: [2,0,0,0,0,3,0,0,1]
χ: [2,0,0,0,0,3,0,0,0]
ȅ: [2,0,0,0,0,2,4]
⛄: [2,0,0,0,0,2,3]
Ӫ: [2,0,0,0,0,2,2]
⅏: [2,0,0,0,0,2,1,4]
Ě: [2,0,0,0,0,2,1,3]
↻: [2,0,0,0,0,2,1,2]
ɋ: [2,0,0,0,0,2,1,1]
Ṣ: [2,0,0,0,0,2,1,0]
♴: [2,0,0,0,0,2,0,4]
⁎: [2,0,0,0,0,2,0,3]
ẃ: [2,0,0,0,0,2,0,2]
⎮: [2,0,0,0,0,2,0,1]
․: [2,0,0,0,0,2,0,0]
Ơ: [2,0,0,0,0,1,4]
Ѿ: [2,0,0,0,0,1,3]
◚: [2,0,0,0,0,1,2]
Ģ: [2,0,0,0,0,1,1]
ă: [2,0,0,0,0,1,0,4]
◜: [2,0,0,0,0,1,0,3]
⹘: [2,0,0,0,0,1,0,2]
□: [2,0,0,0,0,1,0,1]
⚄: [2,0,0,0,0,1,0,0,4]
◾: [2,0,0,0,0,1,0,0,3]
⎐: [2,0,0,0,0,1,0,0,2]
ǳ: [2,0,0,0,0,1,0,0,1]
≾: [2,0,0,0,0,1,0,0,0]
┍: [2,0,0,0,0,0,4]
Ϫ: [2,0,0,0,0,0,3]
!: [2,0,0,0,0,0,2,4]
◗: [2,0,0,0,0,0,2,3]
♫: [2,0,0,0,0,0,2,2]
⸀: [2,0,0,0,0,0,2,1]
ⱬ: [2,0,0,0,0,0,2,0,4]
֔: [2,0,0,0,0,0,2,0,3]
℆: [2,0,0,0,0,0,2,0,2]
⸄: [2,0,0,0,0,0,2,0,1]
º: [2,0,0,0,0,0,2,0,0]
Ί: [2,0,0,0,0,0,1,4]
∢: [2,0,0,0,0,0,1,3]
∱: [2,0,0,0,0,0,1,2]
≆: [2,0,0,0,0,0,1,1]
[: [2,0,0,0,0,0,1,0,4]
ȋ: [2,0,0,0,0,0,1,0,3]
⌮: [2,0,0,0,0,0,1,0,2]
ö: [2,0,0,0,0,0,1,0,1]
ệ: [2,0,0,0,0,0,1,0,0,4]
⋻: [2,0,0,0,0,0,1,0,0,3]
ǈ: [2,0,0,0,0,0,1,0,0,2]
⛓: [2,0,0,0,0,0,1,0,0,1]
Ẹ: [2,0,0,0,0,0,1,0,0,0]
Ḕ: [2,0,0,0,0,0,0]
ѡ: [1,4,4]
Ǝ: [1,4,3]
ǐ: [1,4,2]
ṻ: [1,4,1]
ơ: [1,4,0,4]
⌐: [1,4,0,3]
≦: [1,4,0,2]
⇛: [1,4,0,1]
Ḽ: [1,4,0,0]
ȥ: [1,3,4]
≁: [1,3,3]
⌎: [1,3,2]
,: [1,3,1]
ל: [1,3,0]
ù: [1,2]
ễ: [1,1,4]
⌂: [1,1,3]
Ґ: [1,1,2]
≌: [1,1,1]
℻: [1,1,0]
♘: [1,0,4]
┫: [1,0,3,4]
⋯: [1,0,3,3]
ḿ: [1,0,3,2,4]
ŏ: [1,0,3,2,3]
⚲: [1,0,3,2,2]
⊏: [1,0,3,2,1]
⇇: [1,0,3,2,0,4]
⎻: [1,0,3,2,0,3]
⋽: [1,0,3,2,0,2]
Γ: [1,0,3,2,0,1]
⌯: [1,0,3,2,0,0]
G: [1,0,3,1]
`: [1,0,3,0,4]
ỡ: [1,0,3,0,3]
³: [1,0,3,0,2,4]
Ϋ: [1,0,3,0,2,3]
Ј: [1,0,3,0,2,2]
ׅ: [1,0,3,0,2,1]
Ḅ: [1,0,3,0,2,0,4]
≤: [1,0,3,0,2,0,3]
љ: [1,0,3,0,2,0,2]
⏄: [1,0,3,0,2,0,1]
⛐: [1,0,3,0,2,0,0]
Ā: [1,0,3,0,1]
Φ: [1,0,3,0,0,4]
↺: [1,0,3,0,0,3]
ס: [1,0,3,0,0,2,4]
ě: [1,0,3,0,0,2,3]
⏽: [1,0,3,0,0,2,2]
҈: [1,0,3,0,0,2,1]
◸: [1,0,3,0,0,2,0]
⹒: [1,0,3,0,0,1,4]
֖: [1,0,3,0,0,1,3]
ℱ: [1,0,3,0,0,1,2]
֒: [1,0,3,0,0,1,1]
ӗ: [1,0,3,0,0,1,0]
ӯ: [1,0,3,0,0,0,4]
⌨: [1,0,3,0,0,0,3]
Ṏ: [1,0,3,0,0,0,2]
┬: [1,0,3,0,0,0,1]
≡: [1,0,3,0,0,0,0]
Ŗ: [1,0,2,4]
ǁ: [1,0,2,3]
⌫: [1,0,2,2,4]
ų: [1,0,2,2,3]
⚑: [1,0,2,2,2]
ȗ: [1,0,2,2,1]
⹊: [1,0,2,2,0,4]
♈: [1,0,2,2,0,3]
⎇: [1,0,2,2,0,2]
⊱: [1,0,2,2,0,1]
►: [1,0,2,2,0,0,4]
☼: [1,0,2,2,0,0,3]
⌾: [1,0,2,2,0,0,2]
ӷ: [1,0,2,2,0,0,1]
┾: [1,0,2,2,0,0,0,4]
⅄: [1,0,2,2,0,0,0,3]
⛊: [1,0,2,2,0,0,0,2]
͵: [1,0,2,2,0,0,0,1]
ℯ: [1,0,2,2,0,0,0,0]
ј: [1,0,2,1]
⁝: [1,0,2,0,4]
⎹: [1,0,2,0,3]
ƾ: [1,0,2,0,2,4]
↕: [1,0,2,0,2,3]
ώ: [1,0,2,0,2,2]
Ặ: [1,0,2,0,2,1]
⸩: [1,0,2,0,2,0,4]
Ƃ: [1,0,2,0,2,0,3]
ã: [1,0,2,0,2,0,2]
≔: [1,0,2,0,2,0,1]
⇸: [1,0,2,0,2,0,0]
⋆: [1,0,2,0,1,4]
╵: [1,0,2,0,1,3]
Δ: [1,0,2,0,1,2]
◛: [1,0,2,0,1,1]
⊬: [1,0,2,0,1,0,4]
⍙: [1,0,2,0,1,0,3]
⌤: [1,0,2,0,1,0,2]
Ǟ: [1,0,2,0,1,0,1]
ẖ: [1,0,2,0,1,0,0,4]
⚩: [1,0,2,0,1,0,0,3]
≍: [1,0,2,0,1,0,0,2]
▼: [1,0,2,0,1,0,0,1]
ϊ: [1,0,2,0,1,0,0,0]
〉: [1,0,2,0,0,4]
Ы: [1,0,2,0,0,3]
ч: [1,0,2,0,0,2,4]
נ: [1,0,2,0,0,2,3]
┞: [1,0,2,0,0,2,2]
Ĵ: [1,0,2,0,0,2,1]
Ṵ: [1,0,2,0,0,2,0,4]
♣: [1,0,2,0,0,2,0,3]
Ѝ: [1,0,2,0,0,2,0,2]
◒: [1,0,2,0,0,2,0,1]
ℋ: [1,0,2,0,0,2,0,0]
⌚: [1,0,2,0,0,1,4]
⚀: [1,0,2,0,0,1,3]
ב: [1,0,2,0,0,1,2]
╲: [1,0,2,0,0,1,1]
⏞: [1,0,2,0,0,1,0]
E: [1,0,2,0,0,0,4]
⎩: [1,0,2,0,0,0,3]
⋳: [1,0,2,0,0,0,2,4]
Ū: [1,0,2,0,0,0,2,3]
⍼: [1,0,2,0,0,0,2,2]
ẉ: [1,0,2,0,0,0,2,1]
ѹ: [1,0,2,0,0,0,2,0]
ℹ: [1,0,2,0,0,0,1,4]
D: [1,0,2,0,0,0,1,3]
⍦: [1,0,2,0,0,0,1,2]
⛇: [1,0,2,0,0,0,1,1]
†: [1,0,2,0,0,0,1,0]
⍂: [1,0,2,0,0,0,0,4]
Ȳ: [1,0,2,0,0,0,0,3]
♱: [1,0,2,0,0,0,0,2]
Ţ: [1,0,2,0,0,0,0,1]
⏰: [1,0,2,0,0,0,0,0,4]
ө: [1,0,2,0,0,0,0,0,3]
⛺: [1,0,2,0,0,0,0,0,2]
ṧ: [1,0,2,0,0,0,0,0,1]
⎔: [1,0,2,0,0,0,0,0,0]
⇿: [1,0,1,4]
‖: [1,0,1,3]
☦: [1,0,1,2]
Ṽ: [1,0,1,1]
╢: [1,0,1,0]
Ϡ: [1,0,0]
☙: [0,4]
⹁: [0,3,4]
ӂ: [0,3,3,4]
ȭ: [0,3,3,3]
;: [0,3,3,2,4]
Ӻ: [0,3,3,2,3]
ֻ: [0,3,3,2,2]
☳: [0,3,3,2,1]
Ợ: [0,3,3,2,0]
Џ: [0,3,3,1,4]
⋼: [0,3,3,1,3]
Μ: [0,3,3,1,2]
℁: [0,3,3,1,1]
☟: [0,3,3,1,0,4]
ю: [0,3,3,1,0,3]
Ṱ: [0,3,3,1,0,2]
ά: [0,3,3,1,0,1]
┡: [0,3,3,1,0,0]
▭: [0,3,3,0,4]
⋰: [0,3,3,0,3]
↖: [0,3,3,0,2]
û: [0,3,3,0,1,4]
Ӂ: [0,3,3,0,1,3]
℈: [0,3,3,0,1,2]
⇀: [0,3,3,0,1,1]
ֺ: [0,3,3,0,1,0]
∑: [0,3,3,0,0,4]
Ш: [0,3,3,0,0,3]
ṇ: [0,3,3,0,0,2]
⊂: [0,3,3,0,0,1]
–: [0,3,3,0,0,0,4]
⎜: [0,3,3,0,0,0,3]
Ɋ: [0,3,3,0,0,0,2]
♤: [0,3,3,0,0,0,1]
Ζ: [0,3,3,0,0,0,0,4]
⇅: [0,3,3,0,0,0,0,3]
⋂: [0,3,3,0,0,0,0,2]
⊲: [0,3,3,0,0,0,0,1]
⋷: [0,3,3,0,0,0,0,0]
ℸ: [0,3,2,4]
Ʉ: [0,3,2,3,4]
⊧: [0,3,2,3,3]
※: [0,3,2,3,2]
Ʃ: [0,3,2,3,1]
▥: [0,3,2,3,0]
⹓: [0,3,2,2]
ז: [0,3,2,1,4]
⇵: [0,3,2,1,3]
ח: [0,3,2,1,2]
⸜: [0,3,2,1,1]
Ẑ: [0,3,2,1,0,4]
⌿: [0,3,2,1,0,3]
Ӥ: [0,3,2,1,0,2]
⛰: [0,3,2,1,0,1]
╿: [0,3,2,1,0,0,4]
ї: [0,3,2,1,0,0,3]
⚌: [0,3,2,1,0,0,2]
é: [0,3,2,1,0,0,1]
⍓: [0,3,2,1,0,0,0]
ý: [0,3,2,0,4]
◐: [0,3,2,0,3]
☽: [0,3,2,0,2,4]
Ѧ: [0,3,2,0,2,3]
ǣ: [0,3,2,0,2,2]
⛶: [0,3,2,0,2,1]
ȷ: [0,3,2,0,2,0]
⏻: [0,3,2,0,1,4]
⛘: [0,3,2,0,1,3]
♬: [0,3,2,0,1,2]
Ẳ: [0,3,2,0,1,1]
Ô: [0,3,2,0,1,0,4]
ӄ: [0,3,2,0,1,0,3]
⸖: [0,3,2,0,1,0,2]
ϥ: [0,3,2,0,1,0,1]
☸: [0,3,2,0,1,0,0]
⛲: [0,3,2,0,0]
┈: [0,3,1,4]
ℤ: [0,3,1,3]
ả: [0,3,1,2,4]
J: [0,3,1,2,3]
⚥: [0,3,1,2,2]
↥: [0,3,1,2,1]
≬: [0,3,1,2,0,4]
⎆: [0,3,1,2,0,3]
∨: [0,3,1,2,0,2]
Έ: [0,3,1,2,0,1]
☚: [0,3,1,2,0,0,4]
Ҋ: [0,3,1,2,0,0,3]
⛤: [0,3,1,2,0,0,2]
;: [0,3,1,2,0,0,1]
H: [0,3,1,2,0,0,0]
ц: [0,3,1,1]
⸬: [0,3,1,0,4]
a: [0,3,1,0,3]
\: [0,3,1,0,2,4]
Π: [0,3,1,0,2,3]
ǫ: [0,3,1,0,2,2]
ϲ: [0,3,1,0,2,1]
ӿ: [0,3,1,0,2,0,4]
⇶: [0,3,1,0,2,0,3]
Ƅ: [0,3,1,0,2,0,2]
—: [0,3,1,0,2,0,1]
▲: [0,3,1,0,2,0,0]
⋪: [0,3,1,0,1]
ͺ: [0,3,1,0,0,4]
⏾: [0,3,1,0,0,3]
Ḃ: [0,3,1,0,0,2,4]
⛃: [0,3,1,0,0,2,3]
⏆: [0,3,1,0,0,2,2]
ґ: [0,3,1,0,0,2,1]
’: [0,3,1,0,0,2,0]
⹑: [0,3,1,0,0,1,4]
ӳ: [0,3,1,0,0,1,3]
ṳ: [0,3,1,0,0,1,2]
Љ: [0,3,1,0,0,1,1]
⌦: [0,3,1,0,0,1,0]
ҁ: [0,3,1,0,0,0,4]
‛: [0,3,1,0,0,0,3]
ְ: [0,3,1,0,0,0,2]
Ⅎ: [0,3,1,0,0,0,1]
Ɀ: [0,3,1,0,0,0,0]
֟: [0,3,0,4]
☯: [0,3,0,3,4]
ℷ: [0,3,0,3,3]
⌉: [0,3,0,3,2]
⍃: [0,3,0,3,1]
⊀: [0,3,0,3,0,4]
ӝ: [0,3,0,3,0,3]
♭: [0,3,0,3,0,2]
-: [0,3,0,3,0,1]
⇚: [0,3,0,3,0,0,4]
╄: [0,3,0,3,0,0,3]
ⱼ: [0,3,0,3,0,0,2]
⚡: [0,3,0,3,0,0,1]
Ả: [0,3,0,3,0,0,0,4]
⊛: [0,3,0,3,0,0,0,3]
⌍: [0,3,0,3,0,0,0,2]
⎿: [0,3,0,3,0,0,0,1]
Ⱬ: [0,3,0,3,0,0,0,0]
ɍ: [0,3,0,2,4]
Ở: [0,3,0,2,3]
Ẵ: [0,3,0,2,2]
♨: [0,3,0,2,1,4]
ß: [0,3,0,2,1,3]
⸃: [0,3,0,2,1,2]
⋓: [0,3,0,2,1,1]
Г: [0,3,0,2,1,0,4]
ℽ: [0,3,0,2,1,0,3]
2: [0,3,0,2,1,0,2]
֝: [0,3,0,2,1,0,1]
╅: [0,3,0,2,1,0,0]
ử: [0,3,0,2,0,4]
◽: [0,3,0,2,0,3]
μ: [0,3,0,2,0,2]
⊐: [0,3,0,2,0,1,4]
⎪: [0,3,0,2,0,1,3]
ℇ: [0,3,0,2,0,1,2]
¡: [0,3,0,2,0,1,1]
┪: [0,3,0,2,0,1,0]
Ȋ: [0,3,0,2,0,0,4]
⎕: [0,3,0,2,0,0,3]
≺: [0,3,0,2,0,0,2]
': [0,3,0,2,0,0,1]
î: [0,3,0,2,0,0,0,4]
S: [0,3,0,2,0,0,0,3]
e: [0,3,0,2,0,0,0,2]
╒: [0,3,0,2,0,0,0,1]
⊳: [0,3,0,2,0,0,0,0,4]
⸿: [0,3,0,2,0,0,0,0,3]
ϯ: [0,3,0,2,0,0,0,0,2]
╭: [0,3,0,2,0,0,0,0,1]
V: [0,3,0,2,0,0,0,0,0]
±: [0,3,0,1,4]
ⱨ: [0,3,0,1,3]
Ĝ: [0,3,0,1,2,4]
Ḩ: [0,3,0,1,2,3]
ӽ: [0,3,0,1,2,2]
⍩: [0,3,0,1,2,1]
ẅ: [0,3,0,1,2,0,4]
≣: [0,3,0,1,2,0,3]
ȯ: [0,3,0,1,2,0,2]
⌝: [0,3,0,1,2,0,1]
╧: [0,3,0,1,2,0,0]
ℼ: [0,3,0,1,1]
Ϝ: [0,3,0,1,0,4]
Ṝ: [0,3,0,1,0,3]
Ẫ: [0,3,0,1,0,2,4]
ƥ: [0,3,0,1,0,2,3]
╾: [0,3,0,1,0,2,2]
֠: [0,3,0,1,0,2,1]
z: [0,3,0,1,0,2,0]
⊎: [0,3,0,1,0,1]
ֹ: [0,3,0,1,0,0,4]
⏭: [0,3,0,1,0,0,3]
ë: [0,3,0,1,0,0,2]
▿: [0,3,0,1,0,0,1]
Ứ: [0,3,0,1,0,0,0,4]
ּ: [0,3,0,1,0,0,0,3]
Ǘ: [0,3,0,1,0,0,0,2]
ѭ: [0,3,0,1,0,0,0,1]
♚: [0,3,0,1,0,0,0,0,4]
Č: [0,3,0,1,0,0,0,0,3]
Ǐ: [0,3,0,1,0,0,0,0,2]
↵: [0,3,0,1,0,0,0,0,1]
ͳ: [0,3,0,1,0,0,0,0,0,4]
⎖: [0,3,0,1,0,0,0,0,0,3]
☗: [0,3,0,1,0,0,0,0,0,2]
‒: [0,3,0,1,0,0,0,0,0,1]
⛋: [0,3,0,1,0,0,0,0,0,0]
♦: [0,3,0,0,4]
⋛: [0,3,0,0,3,4]
⁗: [0,3,0,0,3,3]
Ī: [0,3,0,0,3,2]
ҋ: [0,3,0,0,3,1]
∧: [0,3,0,0,3,0,4]
☐: [0,3,0,0,3,0,3]
Ů: [0,3,0,0,3,0,2]
δ: [0,3,0,0,3,0,1]
⁏: [0,3,0,0,3,0,0,4]
⋇: [0,3,0,0,3,0,0,3]
⍚: [0,3,0,0,3,0,0,2]
İ: [0,3,0,0,3,0,0,1]
⸤: [0,3,0,0,3,0,0,0]
≟: [0,3,0,0,2,4]
⇘: [0,3,0,0,2,3]
Ê: [0,3,0,0,2,2]
ɀ: [0,3,0,0,2,1,4]
◦: [0,3,0,0,2,1,3]
⍯: [0,3,0,0,2,1,2]
Ͷ: [0,3,0,0,2,1,1]
≎: [0,3,0,0,2,1,0]
У: [0,3,0,0,2,0,4]
j: [0,3,0,0,2,0,3]
Ǧ: [0,3,0,0,2,0,2]
⸨: [0,3,0,0,2,0,1]
Ɣ: [0,3,0,0,2,0,0,4]
ɂ: [0,3,0,0,2,0,0,3]
г: [0,3,0,0,2,0,0,2]
ҵ: [0,3,0,0,2,0,0,1]
☝: [0,3,0,0,2,0,0,0,4]
Ù: [0,3,0,0,2,0,0,0,3]
ṿ: [0,3,0,0,2,0,0,0,2]
0: [0,3,0,0,2,0,0,0,1]
ẹ: [0,3,0,0,2,0,0,0,0]
б: [0,3,0,0,1,4]
Ї: [0,3,0,0,1,3]
⍏: [0,3,0,0,1,2]
⛚: [0,3,0,0,1,1]
ṅ: [0,3,0,0,1,0,4]
⚾: [0,3,0,0,1,0,3]
Ừ: [0,3,0,0,1,0,2]
ҷ: [0,3,0,0,1,0,1]
ℜ: [0,3,0,0,1,0,0,4]
Ḵ: [0,3,0,0,1,0,0,3]
ủ: [0,3,0,0,1,0,0,2]
ẛ: [0,3,0,0,1,0,0,1]
Ē: [0,3,0,0,1,0,0,0]
Ä: [0,3,0,0,0,4]
Ƭ: [0,3,0,0,0,3]
ḵ: [0,3,0,0,0,2,4]
⌁: [0,3,0,0,0,2,3]
ḽ: [0,3,0,0,0,2,2]
⊘: [0,3,0,0,0,2,1]
А: [0,3,0,0,0,2,0,4]
ḓ: [0,3,0,0,0,2,0,3]
⸁: [0,3,0,0,0,2,0,2]
◶: [0,3,0,0,0,2,0,1]
⸕: [0,3,0,0,0,2,0,0,4]
ϛ: [0,3,0,0,0,2,0,0,3]
⍶: [0,3,0,0,0,2,0,0,2]
Ҍ: [0,3,0,0,0,2,0,0,1]
┑: [0,3,0,0,0,2,0,0,0]
ờ: [0,3,0,0,0,1,4]
½: [0,3,0,0,0,1,3]
⛟: [0,3,0,0,0,1,2]
ӫ: [0,3,0,0,0,1,1]
↩: [0,3,0,0,0,1,0,4]
⍞: [0,3,0,0,0,1,0,3]
⎭: [0,3,0,0,0,1,0,2]
⍑: [0,3,0,0,0,1,0,1]
⹌: [0,3,0,0,0,1,0,0,4]
ƭ: [0,3,0,0,0,1,0,0,3]
Ị: [0,3,0,0,0,1,0,0,2]
┥: [0,3,0,0,0,1,0,0,1]
⚂: [0,3,0,0,0,1,0,0,0,4]
♲: [0,3,0,0,0,1,0,0,0,3]
⸗: [0,3,0,0,0,1,0,0,0,2]
⇈: [0,3,0,0,0,1,0,0,0,1]
⸎: [0,3,0,0,0,1,0,0,0,0]
ȱ: [0,3,0,0,0,0,4]
≴: [0,3,0,0,0,0,3,4]
⏚: [0,3,0,0,0,0,3,3]
⹝: [0,3,0,0,0,0,3,2]
Ӑ: [0,3,0,0,0,0,3,1]
⸊: [0,3,0,0,0,0,3,0]
֙: [0,3,0,0,0,0,2,4]
⇑: [0,3,0,0,0,0,2,3]
Ẉ: [0,3,0,0,0,0,2,2]
Ṃ: [0,3,0,0,0,0,2,1]
ñ: [0,3,0,0,0,0,2,0,4]
Ḫ: [0,3,0,0,0,0,2,0,3]
▽: [0,3,0,0,0,0,2,0,2]
⌢: [0,3,0,0,0,0,2,0,1]
⌕: [0,3,0,0,0,0,2,0,0]
⋺: [0,3,0,0,0,0,1,4]
с: [0,3,0,0,0,0,1,3]
+: [0,3,0,0,0,0,1,2]
↨: [0,3,0,0,0,0,1,1]
Ă: [0,3,0,0,0,0,1,0,4]
↹: [0,3,0,0,0,0,1,0,3]
⎀: [0,3,0,0,0,0,1,0,2]
♎: [0,3,0,0,0,0,1,0,1]
ⅎ: [0,3,0,0,0,0,1,0,0,4]
⸧: [0,3,0,0,0,0,1,0,0,3]
Ƽ: [0,3,0,0,0,0,1,0,0,2]
○: [0,3,0,0,0,0,1,0,0,1]
í: [0,3,0,0,0,0,1,0,0,0]
⇩: [0,3,0,0,0,0,0,4]
Ƙ: [0,3,0,0,0,0,0,3]
⁚: [0,3,0,0,0,0,0,2]
Я: [0,3,0,0,0,0,0,1,4]
⍮: [0,3,0,0,0,0,0,1,3]
Į: [0,3,0,0,0,0,0,1,2]
Ь: [0,3,0,0,0,0,0,1,1]
‣: [0,3,0,0,0,0,0,1,0,4]
ū: [0,3,0,0,0,0,0,1,0,3]
е: [0,3,0,0,0,0,0,1,0,2]
҉: [0,3,0,0,0,0,0,1,0,1]
⏫: [0,3,0,0,0,0,0,1,0,0]
ġ: [0,3,0,0,0,0,0,0]
⋈: [0,2,4]
⁁: [0,2,3]
℮: [0,2,2]
⚆: [0,2,1,4]
┤: [0,2,1,3]
⌠: [0,2,1,2,4]
(: [0,2,1,2,3]
Щ: [0,2,1,2,2]
◀: [0,2,1,2,1]
⸱: [0,2,1,2,0,4]
⏬: [0,2,1,2,0,3]
§: [0,2,1,2,0,2]
≪: [0,2,1,2,0,1]
⛏: [0,2,1,2,0,0,4]
⛂: [0,2,1,2,0,0,3]
⇙: [0,2,1,2,0,0,2]
һ: [0,2,1,2,0,0,1]
⎧: [0,2,1,2,0,0,0,4]
ⅆ: [0,2,1,2,0,0,0,3]
♳: [0,2,1,2,0,0,0,2]
ƕ: [0,2,1,2,0,0,0,1]
ỉ: [0,2,1,2,0,0,0,0]
⏹: [0,2,1,1,4]
Ẃ: [0,2,1,1,3]
֩: [0,2,1,1,2]
◞: [0,2,1,1,1]
↴: [0,2,1,1,0,4]
м: [0,2,1,1,0,3]
⊯: [0,2,1,1,0,2]
Ћ: [0,2,1,1,0,1]
╤: [0,2,1,1,0,0]
Ạ: [0,2,1,0,4]
Ȝ: [0,2,1,0,3]
ƽ: [0,2,1,0,2,4]
Ỷ: [0,2,1,0,2,3]
Λ: [0,2,1,0,2,2]
ú: [0,2,1,0,2,1]
ⱻ: [0,2,1,0,2,0,4]
Ň: [0,2,1,0,2,0,3]
b: [0,2,1,0,2,0,2]
≊: [0,2,1,0,2,0,1]
ċ: [0,2,1,0,2,0,0,4]
⍀: [0,2,1,0,2,0,0,3]
C: [0,2,1,0,2,0,0,2]
Τ: [0,2,1,0,2,0,0,1]
◇: [0,2,1,0,2,0,0,0]
≷: [0,2,1,0,1,4]
⏢: [0,2,1,0,1,3]
⸆: [0,2,1,0,1,2]
┇: [0,2,1,0,1,1]
⅂: [0,2,1,0,1,0,4]
≜: [0,2,1,0,1,0,3]
ṭ: [0,2,1,0,1,0,2]
⏮: [0,2,1,0,1,0,1]
ђ: [0,2,1,0,1,0,0,4]
☊: [0,2,1,0,1,0,0,3]
ỵ: [0,2,1,0,1,0,0,2]
≸: [0,2,1,0,1,0,0,1]
ӆ: [0,2,1,0,1,0,0,0]
Ẓ: [0,2,1,0,0,4]
ƞ: [0,2,1,0,0,3]
ς: [0,2,1,0,0,2,4]
ӎ: [0,2,1,0,0,2,3]
├: [0,2,1,0,0,2,2]
Ü: [0,2,1,0,0,2,1]
Ỉ: [0,2,1,0,0,2,0,4]
⚏: [0,2,1,0,0,2,0,3]
ν: [0,2,1,0,0,2,0,2]
╮: [0,2,1,0,0,2,0,1]
⇹: [0,2,1,0,0,2,0,0]
⍟: [0,2,1,0,0,1,4]
☒: [0,2,1,0,0,1,3]
ϑ: [0,2,1,0,0,1,2]
┽: [0,2,1,0,0,1,1]
‱: [0,2,1,0,0,1,0,4]
⹐: [0,2,1,0,0,1,0,3]
⊑: [0,2,1,0,0,1,0,2]
☲: [0,2,1,0,0,1,0,1]
ẍ: [0,2,1,0,0,1,0,0]
⹍: [0,2,1,0,0,0,4]
Ỳ: [0,2,1,0,0,0,3]
∌: [0,2,1,0,0,0,2,4]
¯: [0,2,1,0,0,0,2,3]
⌬: [0,2,1,0,0,0,2,2]
ǹ: [0,2,1,0,0,0,2,1]
⊥: [0,2,1,0,0,0,2,0]
√: [0,2,1,0,0,0,1,4]
m: [0,2,1,0,0,0,1,3]
⍺: [0,2,1,0,0,0,1,2]
⚒: [0,2,1,0,0,0,1,1]
‿: [0,2,1,0,0,0,1,0]
Ǎ: [0,2,1,0,0,0,0]
☿: [0,2,0,4]
Җ: [0,2,0,3,4]
ⱹ: [0,2,0,3,3]
∖: [0,2,0,3,2]
⚉: [0,2,0,3,1,4]
Ͱ: [0,2,0,3,1,3]
|: [0,2,0,3,1,2]
ŧ: [0,2,0,3,1,1]
ή: [0,2,0,3,1,0,4]
↣: [0,2,0,3,1,0,3]
l: [0,2,0,3,1,0,2]
Ṯ: [0,2,0,3,1,0,1]
┚: [0,2,0,3,1,0,0]
∇: [0,2,0,3,0,4]
ṕ: [0,2,0,3,0,3]
ⱶ: [0,2,0,3,0,2]
ѵ: [0,2,0,3,0,1,4]
◵: [0,2,0,3,0,1,3]
⍭: [0,2,0,3,0,1,2]
ǋ: [0,2,0,3,0,1,1]
⁑: [0,2,0,3,0,1,0]
ͽ: [0,2,0,3,0,0,4]
♥: [0,2,0,3,0,0,3]
⚳: [0,2,0,3,0,0,2]
⹚: [0,2,0,3,0,0,1]
⁞: [0,2,0,3,0,0,0]
Ṉ: [0,2,0,2,4]
Ý: [0,2,0,2,3]
⋋: [0,2,0,2,2]
◷: [0,2,0,2,1]
▴: [0,2,0,2,0,4]
≥: [0,2,0,2,0,3]
å: [0,2,0,2,0,2]
q: [0,2,0,2,0,1,4]
Ƕ: [0,2,0,2,0,1,3]
ǒ: [0,2,0,2,0,1,2]
┨: [0,2,0,2,0,1,1]
Ѱ: [0,2,0,2,0,1,0,4]
☆: [0,2,0,2,0,1,0,3]
Ï: [0,2,0,2,0,1,0,2]
∣: [0,2,0,2,0,1,0,1]
♢: [0,2,0,2,0,1,0,0]
ķ: [0,2,0,2,0,0,4]
ё: [0,2,0,2,0,0,3]
⚝: [0,2,0,2,0,0,2]
⎝: [0,2,0,2,0,0,1]
◂: [0,2,0,2,0,0,0,4]
ē: [0,2,0,2,0,0,0,3]
ֶ: [0,2,0,2,0,0,0,2]
↰: [0,2,0,2,0,0,0,1]
♍: [0,2,0,2,0,0,0,0,4]
Ⱥ: [0,2,0,2,0,0,0,0,3]
Ѡ: [0,2,0,2,0,0,0,0,2]
″: [0,2,0,2,0,0,0,0,1]
⋏: [0,2,0,2,0,0,0,0,0]
∗: [0,2,0,1,4]
⚎: [0,2,0,1,3]
ȣ: [0,2,0,1,2,4]
≭: [0,2,0,1,2,3]
ḧ: [0,2,0,1,2,2]
≝: [0,2,0,1,2,1]
ƌ: [0,2,0,1,2,0,4]
а: [0,2,0,1,2,0,3]
ģ: [0,2,0,1,2,0,2]
≠: [0,2,0,1,2,0,1]
Ϟ: [0,2,0,1,2,0,0,4]
◕: [0,2,0,1,2,0,0,3]
Ɵ: [0,2,0,1,2,0,0,2]
Ѓ: [0,2,0,1,2,0,0,1]
⅋: [0,2,0,1,2,0,0,0]
⋧: [0,2,0,1,1,4]
Ƞ: [0,2,0,1,1,3]
֡: [0,2,0,1,1,2]
¸: [0,2,0,1,1,1]
⊺: [0,2,0,1,1,0,4]
⏪: [0,2,0,1,1,0,3]
⌴: [0,2,0,1,1,0,2]
ǿ: [0,2,0,1,1,0,1]
כ: [0,2,0,1,1,0,0,4]
ⸯ: [0,2,0,1,1,0,0,3]
⁌: [0,2,0,1,1,0,0,2]
⊍: [0,2,0,1,1,0,0,1]
›: [0,2,0,1,1,0,0,0]
▧: [0,2,0,1,0,4]
⁖: [0,2,0,1,0,3]
֨: [0,2,0,1,0,2]
⏃: [0,2,0,1,0,1,4]
⸲: [0,2,0,1,0,1,3]
←: [0,2,0,1,0,1,2]
⛌: [0,2,0,1,0,1,1]
⁓: [0,2,0,1,0,1,0,4]
6: [0,2,0,1,0,1,0,3]
⋑: [0,2,0,1,0,1,0,2]
♒: [0,2,0,1,0,1,0,1]
◧: [0,2,0,1,0,1,0,0]
®: [0,2,0,1,0,0,4]
Ì: [0,2,0,1,0,0,3]
ǧ: [0,2,0,1,0,0,2]
〈: [0,2,0,1,0,0,1,4]
¦: [0,2,0,1,0,0,1,3]
⏁: [0,2,0,1,0,0,1,2]
⛦: [0,2,0,1,0,0,1,1]
ỿ: [0,2,0,1,0,0,1,0]
╗: [0,2,0,1,0,0,0,4]
֧: [0,2,0,1,0,0,0,3]
⍱: [0,2,0,1,0,0,0,2]
↝: [0,2,0,1,0,0,0,1]
┓: [0,2,0,1,0,0,0,0,4]
Ẅ: [0,2,0,1,0,0,0,0,3]
⸪: [0,2,0,1,0,0,0,0,2]
ầ: [0,2,0,1,0,0,0,0,1]
Ӽ: [0,2,0,1,0,0,0,0,0]
☪: [0,2,0,0]
‐: [0,1]
⍎: [0,0,4]
ḳ: [0,0,3,4]
◆: [0,0,3,3]
ϟ: [0,0,3,2,4]
ḟ: [0,0,3,2,3]
⊉: [0,0,3,2,2]
☜: [0,0,3,2,1,4]
ó: [0,0,3,2,1,3]
⸣: [0,0,3,2,1,2]
⍸: [0,0,3,2,1,1]
ϗ: [0,0,3,2,1,0,4]
״: [0,0,3,2,1,0,3]
): [0,0,3,2,1,0,2]
Ѵ: [0,0,3,2,1,0,1]
∆: [0,0,3,2,1,0,0]
↞: [0,0,3,2,0,4]
ę: [0,0,3,2,0,3]
‹: [0,0,3,2,0,2]
⍍: [0,0,3,2,0,1,4]
⏠: [0,0,3,2,0,1,3]
⇄: [0,0,3,2,0,1,2]
ò: [0,0,3,2,0,1,1]
֓: [0,0,3,2,0,1,0]
Ș: [0,0,3,2,0,0,4]
◁: [0,0,3,2,0,0,3]
┺: [0,0,3,2,0,0,2]
O: [0,0,3,2,0,0,1]
ń: [0,0,3,2,0,0,0,4]
Đ: [0,0,3,2,0,0,0,3]
É: [0,0,3,2,0,0,0,2]
⚼: [0,0,3,2,0,0,0,1]
⌡: [0,0,3,2,0,0,0,0,4]
È: [0,0,3,2,0,0,0,0,3]
ѝ: [0,0,3,2,0,0,0,0,2]
◌: [0,0,3,2,0,0,0,0,1]
ͷ: [0,0,3,2,0,0,0,0,0]
ð: [0,0,3,1]
⸰: [0,0,3,0,4]
∜: [0,0,3,0,3]
⍛: [0,0,3,0,2,4]
ƚ: [0,0,3,0,2,3]
Ʀ: [0,0,3,0,2,2]
Ǩ: [0,0,3,0,2,1,4]
◟: [0,0,3,0,2,1,3]
∈: [0,0,3,0,2,1,2]
Ϭ: [0,0,3,0,2,1,1]
⛈: [0,0,3,0,2,1,0]
ӕ: [0,0,3,0,2,0,4]
ĉ: [0,0,3,0,2,0,3]
ױ: [0,0,3,0,2,0,2]
Ľ: [0,0,3,0,2,0,1]
Ǯ: [0,0,3,0,2,0,0,4]
ʹ: [0,0,3,0,2,0,0,3]
Ѯ: [0,0,3,0,2,0,0,2]
ӡ: [0,0,3,0,2,0,0,1]
♕: [0,0,3,0,2,0,0,0,4]
Ŀ: [0,0,3,0,2,0,0,0,3]
ẽ: [0,0,3,0,2,0,0,0,2]
Ĉ: [0,0,3,0,2,0,0,0,1]
Ѕ: [0,0,3,0,2,0,0,0,0]
л: [0,0,3,0,1,4]
Ќ: [0,0,3,0,1,3]
⎯: [0,0,3,0,1,2]
Ⱦ: [0,0,3,0,1,1]
Ṛ: [0,0,3,0,1,0,4]
⛬: [0,0,3,0,1,0,3]
╸: [0,0,3,0,1,0,2]
⛨: [0,0,3,0,1,0,1]
↠: [0,0,3,0,1,0,0,4]
Ệ: [0,0,3,0,1,0,0,3]
∪: [0,0,3,0,1,0,0,2]
‚: [0,0,3,0,1,0,0,1]
⚰: [0,0,3,0,1,0,0,0,4]
Ũ: [0,0,3,0,1,0,0,0,3]
҆: [0,0,3,0,1,0,0,0,2]
⌃: [0,0,3,0,1,0,0,0,1]
ℒ: [0,0,3,0,1,0,0,0,0,4]
☁: [0,0,3,0,1,0,0,0,0,3]
⛖: [0,0,3,0,1,0,0,0,0,2]
℄: [0,0,3,0,1,0,0,0,0,1]
⹜: [0,0,3,0,1,0,0,0,0,0]
Ď: [0,0,3,0,0,4]
⋱: [0,0,3,0,0,3,4]
Ͳ: [0,0,3,0,0,3,3]
Ц: [0,0,3,0,0,3,2]
Ḁ: [0,0,3,0,0,3,1]
℅: [0,0,3,0,0,3,0,4]
⎤: [0,0,3,0,0,3,0,3]
⸭: [0,0,3,0,0,3,0,2]
ћ: [0,0,3,0,0,3,0,1]
⎒: [0,0,3,0,0,3,0,0]
Ỹ: [0,0,3,0,0,2,4]
⍻: [0,0,3,0,0,2,3]
ṣ: [0,0,3,0,0,2,2]
⋵: [0,0,3,0,0,2,1]
Һ: [0,0,3,0,0,2,0,4]
ḷ: [0,0,3,0,0,2,0,3]
⹈: [0,0,3,0,0,2,0,2]
⛩: [0,0,3,0,0,2,0,1]
⹕: [0,0,3,0,0,2,0,0,4]
қ: [0,0,3,0,0,2,0,0,3]
⎘: [0,0,3,0,0,2,0,0,2]
צ: [0,0,3,0,0,2,0,0,1]
ớ: [0,0,3,0,0,2,0,0,0]
Ω: [0,0,3,0,0,1,4]
ҿ: [0,0,3,0,0,1,3]
⸘: [0,0,3,0,0,1,2]
ƀ: [0,0,3,0,0,1,1]
⇟: [0,0,3,0,0,1,0,4]
◰: [0,0,3,0,0,1,0,3]
┶: [0,0,3,0,0,1,0,2]
Ф: [0,0,3,0,0,1,0,1]
Ɒ: [0,0,3,0,0,1,0,0,4]
ϝ: [0,0,3,0,0,1,0,0,3]
℠: [0,0,3,0,0,1,0,0,2]
╬: [0,0,3,0,0,1,0,0,1]
★: [0,0,3,0,0,1,0,0,0,4]
⛷: [0,0,3,0,0,1,0,0,0,3]
⸷: [0,0,3,0,0,1,0,0,0,2]
⇢: [0,0,3,0,0,1,0,0,0,1]
Η: [0,0,3,0,0,1,0,0,0,0]
Ω: [0,0,3,0,0,0,4]
Ѽ: [0,0,3,0,0,0,3]
⛯: [0,0,3,0,0,0,2]
⍉: [0,0,3,0,0,0,1,4]
ҏ: [0,0,3,0,0,0,1,3]
Î: [0,0,3,0,0,0,1,2]
⚓: [0,0,3,0,0,0,1,1]
Ş: [0,0,3,0,0,0,1,0,4]
ḥ: [0,0,3,0,0,0,1,0,3]
┻: [0,0,3,0,0,0,1,0,2]
⚔: [0,0,3,0,0,0,1,0,1]
⅊: [0,0,3,0,0,0,1,0,0,4]
⛿: [0,0,3,0,0,0,1,0,0,3]
Ȁ: [0,0,3,0,0,0,1,0,0,2]
⍬: [0,0,3,0,0,0,1,0,0,1]
Ҏ: [0,0,3,0,0,0,1,0,0,0]
⇫: [0,0,3,0,0,0,0,4]
ì: [0,0,3,0,0,0,0,3]
Ȧ: [0,0,3,0,0,0,0,2,4]
ẙ: [0,0,3,0,0,0,0,2,3]
♏: [0,0,3,0,0,0,0,2,2]
À: [0,0,3,0,0,0,0,2,1]
⇏: [0,0,3,0,0,0,0,2,0]
⇮: [0,0,3,0,0,0,0,1,4]
⏌: [0,0,3,0,0,0,0,1,3]
ƺ: [0,0,3,0,0,0,0,1,2]
є: [0,0,3,0,0,0,0,1,1]
⍤: [0,0,3,0,0,0,0,1,0,4]
Ɨ: [0,0,3,0,0,0,0,1,0,3]
ѿ: [0,0,3,0,0,0,0,1,0,2]
∎: [0,0,3,0,0,0,0,1,0,1]
.: [0,0,3,0,0,0,0,1,0,0]
◴: [0,0,3,0,0,0,0,0,4]
в: [0,0,3,0,0,0,0,0,3]
☌: [0,0,3,0,0,0,0,0,2]
⍔: [0,0,3,0,0,0,0,0,1,4]
Қ: [0,0,3,0,0,0,0,0,1,3]
Ṋ: [0,0,3,0,0,0,0,0,1,2]
≲: [0,0,3,0,0,0,0,0,1,1]
⎲: [0,0,3,0,0,0,0,0,1,0]
⏩: [0,0,3,0,0,0,0,0,0,4]
⌏: [0,0,3,0,0,0,0,0,0,3]
╍: [0,0,3,0,0,0,0,0,0,2]
Ӳ: [0,0,3,0,0,0,0,0,0,1]
┮: [0,0,3,0,0,0,0,0,0,0,4]
⏺: [0,0,3,0,0,0,0,0,0,0,3]
ϼ: [0,0,3,0,0,0,0,0,0,0,2]
╽: [0,0,3,0,0,0,0,0,0,0,1]
9: [0,0,3,0,0,0,0,0,0,0,0,4]
Ḿ: [0,0,3,0,0,0,0,0,0,0,0,3]
≧: [0,0,3,0,0,0,0,0,0,0,0,2]
↧: [0,0,3,0,0,0,0,0,0,0,0,1]
⛽: [0,0,3,0,0,0,0,0,0,0,0,0]
⚿: [0,0,2,4]
~: [0,0,2,3]
Ġ: [0,0,2,2]
∰: [0,0,2,1,4]
⹏: [0,0,2,1,3]
Þ: [0,0,2,1,2]
⌽: [0,0,2,1,1,4]
Ȼ: [0,0,2,1,1,3]
♔: [0,0,2,1,1,2]
Ν: [0,0,2,1,1,1]
⊽: [0,0,2,1,1,0,4]
▷: [0,0,2,1,1,0,3]
Ǫ: [0,0,2,1,1,0,2]
⇬: [0,0,2,1,1,0,1]
ọ: [0,0,2,1,1,0,0,4]
ⱥ: [0,0,2,1,1,0,0,3]
↳: [0,0,2,1,1,0,0,2]
┛: [0,0,2,1,1,0,0,1]
ѫ: [0,0,2,1,1,0,0,0]
◠: [0,0,2,1,0,4]
⌗: [0,0,2,1,0,3]
ĥ: [0,0,2,1,0,2]
⍫: [0,0,2,1,0,1,4]
Á: [0,0,2,1,0,1,3]
∍: [0,0,2,1,0,1,2]
ⱡ: [0,0,2,1,0,1,1]
♌: [0,0,2,1,0,1,0]
·: [0,0,2,1,0,0,4]
h: [0,0,2,1,0,0,3]
&: [0,0,2,1,0,0,2]
∷: [0,0,2,1,0,0,1,4]
š: [0,0,2,1,0,0,1,3]
⏐: [0,0,2,1,0,0,1,2]
⸑: [0,0,2,1,0,0,1,1]
ӌ: [0,0,2,1,0,0,1,0]
◬: [0,0,2,1,0,0,0,4]
ṷ: [0,0,2,1,0,0,0,3]
ɏ: [0,0,2,1,0,0,0,2]
Ȃ: [0,0,2,1,0,0,0,1]
┘: [0,0,2,1,0,0,0,0,4]
ẏ: [0,0,2,1,0,0,0,0,3]
ΐ: [0,0,2,1,0,0,0,0,2]
⋜: [0,0,2,1,0,0,0,0,1]
ו: [0,0,2,1,0,0,0,0,0]
⚕: [0,0,2,0,4]
┟: [0,0,2,0,3,4]
c: [0,0,2,0,3,3]
⎳: [0,0,2,0,3,2]
ϻ: [0,0,2,0,3,1]
Ḉ: [0,0,2,0,3,0,4]
П: [0,0,2,0,3,0,3]
Í: [0,0,2,0,3,0,2]
ḋ: [0,0,2,0,3,0,1]
Ǹ: [0,0,2,0,3,0,0,4]
ׁ: [0,0,2,0,3,0,0,3]
╋: [0,0,2,0,3,0,0,2]
⌜: [0,0,2,0,3,0,0,1]
⛠: [0,0,2,0,3,0,0,0,4]
Ε: [0,0,2,0,3,0,0,0,3]
∃: [0,0,2,0,3,0,0,0,2]
ȃ: [0,0,2,0,3,0,0,0,1]
¢: [0,0,2,0,3,0,0,0,0]
⚁: [0,0,2,0,2,4]
⋀: [0,0,2,0,2,3]
⋤: [0,0,2,0,2,2]
Ɠ: [0,0,2,0,2,1]
ƿ: [0,0,2,0,2,0,4]
♞: [0,0,2,0,2,0,3]
Ӌ: [0,0,2,0,2,0,2]
Ŵ: [0,0,2,0,2,0,1,4]
K: [0,0,2,0,2,0,1,3]
ṉ: [0,0,2,0,2,0,1,2]
s: [0,0,2,0,2,0,1,1]
‟: [0,0,2,0,2,0,1,0]
ҕ: [0,0,2,0,2,0,0]
♉: [0,0,2,0,1,4]
В: [0,0,2,0,1,3]
⸚: [0,0,2,0,1,2]
╛: [0,0,2,0,1,1]
ř: [0,0,2,0,1,0,4]
⎸: [0,0,2,0,1,0,3]
⇺: [0,0,2,0,1,0,2]
◫: [0,0,2,0,1,0,1,4]
ҫ: [0,0,2,0,1,0,1,3]
◯: [0,0,2,0,1,0,1,2]
Ƥ: [0,0,2,0,1,0,1,1]
Ӿ: [0,0,2,0,1,0,1,0]
♷: [0,0,2,0,1,0,0,4]
⍥: [0,0,2,0,1,0,0,3]
ℛ: [0,0,2,0,1,0,0,2]
≢: [0,0,2,0,1,0,0,1]
⛉: [0,0,2,0,1,0,0,0,4]
┱: [0,0,2,0,1,0,0,0,3]
′: [0,0,2,0,1,0,0,0,2]
=: [0,0,2,0,1,0,0,0,1]
Ӹ: [0,0,2,0,1,0,0,0,0,4]
≏: [0,0,2,0,1,0,0,0,0,3]
◑: [0,0,2,0,1,0,0,0,0,2]
☾: [0,0,2,0,1,0,0,0,0,1]
⎃: [0,0,2,0,1,0,0,0,0,0]
ḑ: [0,0,2,0,0,4]
⁜: [0,0,2,0,0,3,4]
P: [0,0,2,0,0,3,3]
∶: [0,0,2,0,0,3,2]
ҧ: [0,0,2,0,0,3,1]
ׄ: [0,0,2,0,0,3,0,4]
↡: [0,0,2,0,0,3,0,3]
֥: [0,0,2,0,0,3,0,2]
Ҁ: [0,0,2,0,0,3,0,1]
Ó: [0,0,2,0,0,3,0,0,4]
ֽ: [0,0,2,0,0,3,0,0,3]
⎫: [0,0,2,0,0,3,0,0,2]
⋢: [0,0,2,0,0,3,0,0,1]
∤: [0,0,2,0,0,3,0,0,0]
Ϳ: [0,0,2,0,0,2,4]
⛍: [0,0,2,0,0,2,3]
⏼: [0,0,2,0,0,2,2]
ẳ: [0,0,2,0,0,2,1,4]
ĳ: [0,0,2,0,0,2,1,3]
ṵ: [0,0,2,0,0,2,1,2]
ъ: [0,0,2,0,0,2,1,1]
Õ: [0,0,2,0,0,2,1,0]
â: [0,0,2,0,0,2,0]
ǖ: [0,0,2,0,0,1,4]
ẫ: [0,0,2,0,0,1,3]
ҙ: [0,0,2,0,0,1,2]
ḡ: [0,0,2,0,0,1,1]
Ć: [0,0,2,0,0,1,0,4]
ĵ: [0,0,2,0,0,1,0,3]
Ҫ: [0,0,2,0,0,1,0,2]
Ŧ: [0,0,2,0,0,1,0,1]
⛻: [0,0,2,0,0,1,0,0,4]
♩: [0,0,2,0,0,1,0,0,3]
♗: [0,0,2,0,0,1,0,0,2]
ӣ: [0,0,2,0,0,1,0,0,1]
ẟ: [0,0,2,0,0,1,0,0,0,4]
⊰: [0,0,2,0,0,1,0,0,0,3]
◣: [0,0,2,0,0,1,0,0,0,2]
♊: [0,0,2,0,0,1,0,0,0,1]
…: [0,0,2,0,0,1,0,0,0,0]
◎: [0,0,2,0,0,0,4]
ҹ: [0,0,2,0,0,0,3]
¼: [0,0,2,0,0,0,2,4]
⸥: [0,0,2,0,0,0,2,3]
ẗ: [0,0,2,0,0,0,2,2]
╈: [0,0,2,0,0,0,2,1]
Ɐ: [0,0,2,0,0,0,2,0,4]
ַ: [0,0,2,0,0,0,2,0,3]
ℳ: [0,0,2,0,0,0,2,0,2]
ḱ: [0,0,2,0,0,0,2,0,1]
о: [0,0,2,0,0,0,2,0,0,4]
⊷: [0,0,2,0,0,0,2,0,0,3]
ƪ: [0,0,2,0,0,0,2,0,0,2]
ç: [0,0,2,0,0,0,2,0,0,1]
≓: [0,0,2,0,0,0,2,0,0,0]
∩: [0,0,2,0,0,0,1]
Ļ: [0,0,2,0,0,0,0,4]
Ƣ: [0,0,2,0,0,0,0,3]
⹆: [0,0,2,0,0,0,0,2,4]
ṹ: [0,0,2,0,0,0,0,2,3]
╨: [0,0,2,0,0,0,0,2,2]
∓: [0,0,2,0,0,0,0,2,1]
р: [0,0,2,0,0,0,0,2,0,4]
⊭: [0,0,2,0,0,0,0,2,0,3]
Š: [0,0,2,0,0,0,0,2,0,2]
ą: [0,0,2,0,0,0,0,2,0,1]
η: [0,0,2,0,0,0,0,2,0,0]
Ɇ: [0,0,2,0,0,0,0,1,4]
֗: [0,0,2,0,0,0,0,1,3]
ǽ: [0,0,2,0,0,0,0,1,2]
⏎: [0,0,2,0,0,0,0,1,1]
∭: [0,0,2,0,0,0,0,1,0,4]
┙: [0,0,2,0,0,0,0,1,0,3]
ѽ: [0,0,2,0,0,0,0,1,0,2]
ť: [0,0,2,0,0,0,0,1,0,1]
∙: [0,0,2,0,0,0,0,1,0,0]
Ǥ: [0,0,2,0,0,0,0,0]
⸇: [0,0,1,4]
↼: [0,0,1,3]
⊇: [0,0,1,2,4]
╰: [0,0,1,2,3]
╇: [0,0,1,2,2]
☩: [0,0,1,2,1]
☍: [0,0,1,2,0,4]
Ɩ: [0,0,1,2,0,3]
Ҳ: [0,0,1,2,0,2]
⏈: [0,0,1,2,0,1,4]
ƅ: [0,0,1,2,0,1,3]
∫: [0,0,1,2,0,1,2]
⸓: [0,0,1,2,0,1,1]
Ỿ: [0,0,1,2,0,1,0]
ď: [0,0,1,2,0,0,4]
σ: [0,0,1,2,0,0,3]
ό: [0,0,1,2,0,0,2]
⏷: [0,0,1,2,0,0,1,4]
ε: [0,0,1,2,0,0,1,3]
━: [0,0,1,2,0,0,1,2]
°: [0,0,1,2,0,0,1,1]
∯: [0,0,1,2,0,0,1,0]
☛: [0,0,1,2,0,0,0,4]
Ấ: [0,0,1,2,0,0,0,3]
⇊: [0,0,1,2,0,0,0,2]
―: [0,0,1,2,0,0,0,1]
╥: [0,0,1,2,0,0,0,0,4]
↦: [0,0,1,2,0,0,0,0,3]
ϭ: [0,0,1,2,0,0,0,0,2]
⌲: [0,0,1,2,0,0,0,0,1]
Ο: [0,0,1,2,0,0,0,0,0,4]
⅃: [0,0,1,2,0,0,0,0,0,3]
⅌: [0,0,1,2,0,0,0,0,0,2]
‸: [0,0,1,2,0,0,0,0,0,1]
Ò: [0,0,1,2,0,0,0,0,0,0]
☰: [0,0,1,1]
ĺ: [0,0,1,0,4]
⸳: [0,0,1,0,3]
♹: [0,0,1,0,2,4]
Ѫ: [0,0,1,0,2,3]
⍪: [0,0,1,0,2,2]
∋: [0,0,1,0,2,1]
ž: [0,0,1,0,2,0,4]
⏦: [0,0,1,0,2,0,3]
↟: [0,0,1,0,2,0,2]
⚬: [0,0,1,0,2,0,1,4]
ӑ: [0,0,1,0,2,0,1,3]
☑: [0,0,1,0,2,0,1,2]
Ȇ: [0,0,1,0,2,0,1,1]
־: [0,0,1,0,2,0,1,0]
⛞: [0,0,1,0,2,0,0,4]
⋬: [0,0,1,0,2,0,0,3]
⍵: [0,0,1,0,2,0,0,2]
⌙: [0,0,1,0,2,0,0,1]
◱: [0,0,1,0,2,0,0,0,4]
╻: [0,0,1,0,2,0,0,0,3]
⊓: [0,0,1,0,2,0,0,0,2]
v: [0,0,1,0,2,0,0,0,1]
ϋ: [0,0,1,0,2,0,0,0,0,4]
∅: [0,0,1,0,2,0,0,0,0,3]
⋾: [0,0,1,0,2,0,0,0,0,2]
⇖: [0,0,1,0,2,0,0,0,0,1]
▩: [0,0,1,0,2,0,0,0,0,0]
◊: [0,0,1,0,1]
¬: [0,0,1,0,0,4]
↗: [0,0,1,0,0,3,4]
┐: [0,0,1,0,0,3,3]
ȏ: [0,0,1,0,0,3,2]
Ɑ: [0,0,1,0,0,3,1]
≅: [0,0,1,0,0,3,0,4]
ŕ: [0,0,1,0,0,3,0,3]
Ɫ: [0,0,1,0,0,3,0,2]
⁐: [0,0,1,0,0,3,0,1]
«: [0,0,1,0,0,3,0,0,4]
Ѩ: [0,0,1,0,0,3,0,0,3]
⍷: [0,0,1,0,0,3,0,0,2]
☡: [0,0,1,0,0,3,0,0,1]
Ҿ: [0,0,1,0,0,3,0,0,0]
ȶ: [0,0,1,0,0,2,4]
ϴ: [0,0,1,0,0,2,3]
⊦: [0,0,1,0,0,2,2]
": [0,0,1,0,0,2,1]
ƴ: [0,0,1,0,0,2,0,4]
Ủ: [0,0,1,0,0,2,0,3]
ѳ: [0,0,1,0,0,2,0,2]
ṁ: [0,0,1,0,0,2,0,1]
⹗: [0,0,1,0,0,2,0,0,4]
ǝ: [0,0,1,0,0,2,0,0,3]
Ḯ: [0,0,1,0,0,2,0,0,2]
⌧: [0,0,1,0,0,2,0,0,1]
ồ: [0,0,1,0,0,2,0,0,0,4]
⋶: [0,0,1,0,0,2,0,0,0,3]
ņ: [0,0,1,0,0,2,0,0,0,2]
♽: [0,0,1,0,0,2,0,0,0,1]
↸: [0,0,1,0,0,2,0,0,0,0]
Ҭ: [0,0,1,0,0,1,4]
w: [0,0,1,0,0,1,3]
⇍: [0,0,1,0,0,1,2]
⊻: [0,0,1,0,0,1,1]
⍐: [0,0,1,0,0,1,0,4]
⋚: [0,0,1,0,0,1,0,3]
ŷ: [0,0,1,0,0,1,0,2]
З: [0,0,1,0,0,1,0,1]
┄: [0,0,1,0,0,1,0,0]
╁: [0,0,1,0,0,0,4]
┭: [0,0,1,0,0,0,3,4]
┹: [0,0,1,0,0,0,3,3]
⊁: [0,0,1,0,0,0,3,2]
n: [0,0,1,0,0,0,3,1]
Ђ: [0,0,1,0,0,0,3,0,4]
⍣: [0,0,1,0,0,0,3,0,3]
⸼: [0,0,1,0,0,0,3,0,2]
ȡ: [0,0,1,0,0,0,3,0,1]
⛵: [0,0,1,0,0,0,3,0,0,4]
⹄: [0,0,1,0,0,0,3,0,0,3]
Ύ: [0,0,1,0,0,0,3,0,0,2]
Ɔ: [0,0,1,0,0,0,3,0,0,1]
∹: [0,0,1,0,0,0,3,0,0,0]
и: [0,0,1,0,0,0,2,4]
◃: [0,0,1,0,0,0,2,3]
┳: [0,0,1,0,0,0,2,2]
$: [0,0,1,0,0,0,2,1]
Ǖ: [0,0,1,0,0,0,2,0,4]
Т: [0,0,1,0,0,0,2,0,3]
Ĭ: [0,0,1,0,0,0,2,0,2]
ḗ: [0,0,1,0,0,0,2,0,1]
⇽: [0,0,1,0,0,0,2,0,0,4]
⏊: [0,0,1,0,0,0,2,0,0,3]
֣: [0,0,1,0,0,0,2,0,0,2]
ż: [0,0,1,0,0,0,2,0,0,1]
⊮: [0,0,1,0,0,0,2,0,0,0]
⏳: [0,0,1,0,0,0,1,4]
⏲: [0,0,1,0,0,0,1,3]
⋄: [0,0,1,0,0,0,1,2]
Ś: [0,0,1,0,0,0,1,1]
Ầ: [0,0,1,0,0,0,1,0,4]
ℾ: [0,0,1,0,0,0,1,0,3]
╶: [0,0,1,0,0,0,1,0,2]
⁄: [0,0,1,0,0,0,1,0,1]
⸸: [0,0,1,0,0,0,1,0,0]
ỷ: [0,0,1,0,0,0,0,4]
ṝ: [0,0,1,0,0,0,0,3]
Ң: [0,0,1,0,0,0,0,2,4]
⁈: [0,0,1,0,0,0,0,2,3]
ỻ: [0,0,1,0,0,0,0,2,2]
Ǆ: [0,0,1,0,0,0,0,2,1]
⊵: [0,0,1,0,0,0,0,2,0,4]
╴: [0,0,1,0,0,0,0,2,0,3]
∕: [0,0,1,0,0,0,0,2,0,2]
ϖ: [0,0,1,0,0,0,0,2,0,1]
⁕: [0,0,1,0,0,0,0,2,0,0,4]
∻: [0,0,1,0,0,0,0,2,0,0,3]
⏙: [0,0,1,0,0,0,0,2,0,0,2]
Ȱ: [0,0,1,0,0,0,0,2,0,0,1]
5: [0,0,1,0,0,0,0,2,0,0,0]
Ễ: [0,0,1,0,0,0,0,1,4]
⏖: [0,0,1,0,0,0,0,1,3]
♼: [0,0,1,0,0,0,0,1,2]
┩: [0,0,1,0,0,0,0,1,1]
ṏ: [0,0,1,0,0,0,0,1,0,4]
┉: [0,0,1,0,0,0,0,1,0,3]
⊄: [0,0,1,0,0,0,0,1,0,2]
↶: [0,0,1,0,0,0,0,1,0,1]
Ȍ: [0,0,1,0,0,0,0,1,0,0,4]
╝: [0,0,1,0,0,0,0,1,0,0,3]
Ӱ: [0,0,1,0,0,0,0,1,0,0,2]
∔: [0,0,1,0,0,0,0,1,0,0,1]
╩: [0,0,1,0,0,0,0,1,0,0,0]
֜: [0,0,1,0,0,0,0,0,4]
֤: [0,0,1,0,0,0,0,0,3,4]
Ỵ: [0,0,1,0,0,0,0,0,3,3]
℉: [0,0,1,0,0,0,0,0,3,2]
⌀: [0,0,1,0,0,0,0,0,3,1]
ặ: [0,0,1,0,0,0,0,0,3,0]
◔: [0,0,1,0,0,0,0,0,2,4]
⛑: [0,0,1,0,0,0,0,0,2,3]
⏣: [0,0,1,0,0,0,0,0,2,2]
ֳ: [0,0,1,0,0,0,0,0,2,1]
Ộ: [0,0,1,0,0,0,0,0,2,0,4]
≶: [0,0,1,0,0,0,0,0,2,0,3]
⏝: [0,0,1,0,0,0,0,0,2,0,2]
Ϧ: [0,0,1,0,0,0,0,0,2,0,1]
N: [0,0,1,0,0,0,0,0,2,0,0]
ợ: [0,0,1,0,0,0,0,0,1,4]
☶: [0,0,1,0,0,0,0,0,1,3]
ȫ: [0,0,1,0,0,0,0,0,1,2]
⊫: [0,0,1,0,0,0,0,0,1,1]
Ъ: [0,0,1,0,0,0,0,0,1,0,4]
◥: [0,0,1,0,0,0,0,0,1,0,3]
ẕ: [0,0,1,0,0,0,0,0,1,0,2]
≐: [0,0,1,0,0,0,0,0,1,0,1]
ℵ: [0,0,1,0,0,0,0,0,1,0,0]
⹉: [0,0,1,0,0,0,0,0,0,4]
⇤: [0,0,1,0,0,0,0,0,0,3]
ể: [0,0,1,0,0,0,0,0,0,2,4]
⎅: [0,0,1,0,0,0,0,0,0,2,3]
┝: [0,0,1,0,0,0,0,0,0,2,2]
к: [0,0,1,0,0,0,0,0,0,2,1]
⋕: [0,0,1,0,0,0,0,0,0,2,0]
ŉ: [0,0,1,0,0,0,0,0,0,1]
⋞: [0,0,1,0,0,0,0,0,0,0,4]
ǯ: [0,0,1,0,0,0,0,0,0,0,3]
☹: [0,0,1,0,0,0,0,0,0,0,2]
Ȏ: [0,0,1,0,0,0,0,0,0,0,1]
⏥: [0,0,1,0,0,0,0,0,0,0,0,4]
≮: [0,0,1,0,0,0,0,0,0,0,0,3]
⋡: [0,0,1,0,0,0,0,0,0,0,0,2]
Ҥ: [0,0,1,0,0,0,0,0,0,0,0,1]
♻: [0,0,1,0,0,0,0,0,0,0,0,0]
⎈: [0,0,0,4,4]
⊸: [0,0,0,4,3]
è: [0,0,0,4,2]
ⱷ: [0,0,0,4,1]
⋌: [0,0,0,4,0,4]
]: [0,0,0,4,0,3]
⌟: [0,0,0,4,0,2]
⛝: [0,0,0,4,0,1]
⌵: [0,0,0,4,0,0]
ü: [0,0,0,3,4]
ℬ: [0,0,0,3,3]
⎍: [0,0,0,3,2,4]
ф: [0,0,0,3,2,3]
Ṁ: [0,0,0,3,2,2]
ҍ: [0,0,0,3,2,1,4]
⚣: [0,0,0,3,2,1,3]
⏅: [0,0,0,3,2,1,2]
Х: [0,0,0,3,2,1,1]
↷: [0,0,0,3,2,1,0]
ү: [0,0,0,3,2,0,4]
ŭ: [0,0,0,3,2,0,3]
⋉: [0,0,0,3,2,0,2]
∉: [0,0,0,3,2,0,1]
ǵ: [0,0,0,3,2,0,0,4]
Ў: [0,0,0,3,2,0,0,3]
Ҷ: [0,0,0,3,2,0,0,2]
‷: [0,0,0,3,2,0,0,1]
♓: [0,0,0,3,2,0,0,0,4]
Ĥ: [0,0,0,3,2,0,0,0,3]
ℿ: [0,0,0,3,2,0,0,0,2]
ǎ: [0,0,0,3,2,0,0,0,1]
Ϲ: [0,0,0,3,2,0,0,0,0]
⸮: [0,0,0,3,1]
ǉ: [0,0,0,3,0,4]
⌛: [0,0,0,3,0,3,4]
Ё: [0,0,0,3,0,3,3]
ҟ: [0,0,0,3,0,3,2]
ṱ: [0,0,0,3,0,3,1]
ℂ: [0,0,0,3,0,3,0,4]
⎷: [0,0,0,3,0,3,0,3]
⍜: [0,0,0,3,0,3,0,2]
ο: [0,0,0,3,0,3,0,1]
⸫: [0,0,0,3,0,3,0,0]
⁆: [0,0,0,3,0,2,4]
⎠: [0,0,0,3,0,2,3]
▻: [0,0,0,3,0,2,2]
⸵: [0,0,0,3,0,2,1]
Ӆ: [0,0,0,3,0,2,0,4]
ẜ: [0,0,0,3,0,2,0,3]
Д: [0,0,0,3,0,2,0,2]
⹇: [0,0,0,3,0,2,0,1]
^: [0,0,0,3,0,2,0,0,4]
Ө: [0,0,0,3,0,2,0,0,3]
⎦: [0,0,0,3,0,2,0,0,2]
Ọ: [0,0,0,3,0,2,0,0,1]
Ñ: [0,0,0,3,0,2,0,0,0]
ℨ: [0,0,0,3,0,1,4]
ט: [0,0,0,3,0,1,3]
⸟: [0,0,0,3,0,1,2]
⌈: [0,0,0,3,0,1,1]
⎙: [0,0,0,3,0,1,0]
ρ: [0,0,0,3,0,0,4]
ś: [0,0,0,3,0,0,3]
ẋ: [0,0,0,3,0,0,2,4]
≉: [0,0,0,3,0,0,2,3]
⏯: [0,0,0,3,0,0,2,2]
ℊ: [0,0,0,3,0,0,2,1]
◉: [0,0,0,3,0,0,2,0]
⍲: [0,0,0,3,0,0,1,4]
ҝ: [0,0,0,3,0,0,1,3]
ȼ: [0,0,0,3,0,0,1,2]
o: [0,0,0,3,0,0,1,1]
Ŏ: [0,0,0,3,0,0,1,0,4]
ỏ: [0,0,0,3,0,0,1,0,3]
☫: [0,0,0,3,0,0,1,0,2]
⛱: [0,0,0,3,0,0,1,0,1]
⛙: [0,0,0,3,0,0,1,0,0,4]
⸢: [0,0,0,3,0,0,1,0,0,3]
·: [0,0,0,3,0,0,1,0,0,2]
♂: [0,0,0,3,0,0,1,0,0,1]
⇳: [0,0,0,3,0,0,1,0,0,0]
⇼: [0,0,0,3,0,0,0,4]
ƶ: [0,0,0,3,0,0,0,3]
Ά: [0,0,0,3,0,0,0,2,4]
⁅: [0,0,0,3,0,0,0,2,3]
ō: [0,0,0,3,0,0,0,2,2]
Ç: [0,0,0,3,0,0,0,2,1]
⌸: [0,0,0,3,0,0,0,2,0]
‾: [0,0,0,3,0,0,0,1,4]
⏕: [0,0,0,3,0,0,0,1,3]
Ȕ: [0,0,0,3,0,0,0,1,2]
Ә: [0,0,0,3,0,0,0,1,1]
⸡: [0,0,0,3,0,0,0,1,0,4]
Ɍ: [0,0,0,3,0,0,0,1,0,3]
ӭ: [0,0,0,3,0,0,0,1,0,2]
∂: [0,0,0,3,0,0,0,1,0,1]
Ḹ: [0,0,0,3,0,0,0,1,0,0]
◺: [0,0,0,3,0,0,0,0,4]
⇴: [0,0,0,3,0,0,0,0,3]
Ю: [0,0,0,3,0,0,0,0,2]
Ə: [0,0,0,3,0,0,0,0,1,4]
Ӡ: [0,0,0,3,0,0,0,0,1,3]
Ṷ: [0,0,0,3,0,0,0,0,1,2]
⊆: [0,0,0,3,0,0,0,0,1,1]
⚭: [0,0,0,3,0,0,0,0,1,0]
┢: [0,0,0,3,0,0,0,0,0,4]
≕: [0,0,0,3,0,0,0,0,0,3]
⇐: [0,0,0,3,0,0,0,0,0,2]
ḯ: [0,0,0,3,0,0,0,0,0,1]
◓: [0,0,0,3,0,0,0,0,0,0,4]
┠: [0,0,0,3,0,0,0,0,0,0,3]
ȵ: [0,0,0,3,0,0,0,0,0,0,2]
⎄: [0,0,0,3,0,0,0,0,0,0,1]
Y: [0,0,0,3,0,0,0,0,0,0,0,4]
ḩ: [0,0,0,3,0,0,0,0,0,0,0,3]
℀: [0,0,0,3,0,0,0,0,0,0,0,2]
ⅇ: [0,0,0,3,0,0,0,0,0,0,0,1]
⚧: [0,0,0,3,0,0,0,0,0,0,0,0]
F: [0,0,0,2,4]
ľ: [0,0,0,2,3]
⚋: [0,0,0,2,2,4]
Ѣ: [0,0,0,2,2,3]
‽: [0,0,0,2,2,2]
Ή: [0,0,0,2,2,1,4]
Ҝ: [0,0,0,2,2,1,3]
Ṩ: [0,0,0,2,2,1,2]
4: [0,0,0,2,2,1,1]
⁘: [0,0,0,2,2,1,0,4]
♖: [0,0,0,2,2,1,0,3]
Ӏ: [0,0,0,2,2,1,0,2]
≰: [0,0,0,2,2,1,0,1]
Ḱ: [0,0,0,2,2,1,0,0]
Ǽ: [0,0,0,2,2,0,4]
Ĺ: [0,0,0,2,2,0,3]
┕: [0,0,0,2,2,0,2]
ѣ: [0,0,0,2,2,0,1,4]
y: [0,0,0,2,2,0,1,3]
⊨: [0,0,0,2,2,0,1,2]
ϧ: [0,0,0,2,2,0,1,1]
B: [0,0,0,2,2,0,1,0]
☂: [0,0,0,2,2,0,0,4]
ѷ: [0,0,0,2,2,0,0,3]
Κ: [0,0,0,2,2,0,0,2]
≚: [0,0,0,2,2,0,0,1]
⚍: [0,0,0,2,2,0,0,0,4]
ы: [0,0,0,2,2,0,0,0,3]
ҩ: [0,0,0,2,2,0,0,0,2]
∲: [0,0,0,2,2,0,0,0,1]
ψ: [0,0,0,2,2,0,0,0,0,4]
Ỏ: [0,0,0,2,2,0,0,0,0,3]
⸦: [0,0,0,2,2,0,0,0,0,2]
ⱺ: [0,0,0,2,2,0,0,0,0,1]
Ę: [0,0,0,2,2,0,0,0,0,0]
♝: [0,0,0,2,1,4]
ѱ: [0,0,0,2,1,3]
Ŷ: [0,0,0,2,1,2]
´: [0,0,0,2,1,1]
ű: [0,0,0,2,1,0,4]
⎼: [0,0,0,2,1,0,3]
⚐: [0,0,0,2,1,0,2]
☉: [0,0,0,2,1,0,1,4]
Ғ: [0,0,0,2,1,0,1,3]
◻: [0,0,0,2,1,0,1,2]
ư: [0,0,0,2,1,0,1,1]
⸺: [0,0,0,2,1,0,1,0]
⍇: [0,0,0,2,1,0,0]
ẇ: [0,0,0,2,0,4]
▤: [0,0,0,2,0,3]
М: [0,0,0,2,0,2,4]
 : [0,0,0,2,0,2,3]
Ό: [0,0,0,2,0,2,2]
ȕ: [0,0,0,2,0,2,1,4]
¿: [0,0,0,2,0,2,1,3]
‧: [0,0,0,2,0,2,1,2]
֘: [0,0,0,2,0,2,1,1]
⎵: [0,0,0,2,0,2,1,0]
ⱦ: [0,0,0,2,0,2,0,4]
∵: [0,0,0,2,0,2,0,3]
Ẏ: [0,0,0,2,0,2,0,2]
ⅉ: [0,0,0,2,0,2,0,1]
⛹: [0,0,0,2,0,2,0,0,4]
ӊ: [0,0,0,2,0,2,0,0,3]
ứ: [0,0,0,2,0,2,0,0,2]
⍒: [0,0,0,2,0,2,0,0,1]
ϳ: [0,0,0,2,0,2,0,0,0,4]
⊠: [0,0,0,2,0,2,0,0,0,3]
i: [0,0,0,2,0,2,0,0,0,2]
A: [0,0,0,2,0,2,0,0,0,1]
Ṳ: [0,0,0,2,0,2,0,0,0,0]
Ǜ: [0,0,0,2,0,1,4]
≖: [0,0,0,2,0,1,3]
⍆: [0,0,0,2,0,1,2]
⏉: [0,0,0,2,0,1,1]
Ų: [0,0,0,2,0,1,0,4]
κ: [0,0,0,2,0,1,0,3]
Ṗ: [0,0,0,2,0,1,0,2]
⇭: [0,0,0,2,0,1,0,1]
Ώ: [0,0,0,2,0,1,0,0]
⋔: [0,0,0,2,0,0]
Ͽ: [0,0,0,1]
⇕: [0,0,0,0,4]
Ǻ: [0,0,0,0,3,4]
¶: [0,0,0,0,3,3]
⁙: [0,0,0,0,3,2,4]
⸠: [0,0,0,0,3,2,3]
ø: [0,0,0,0,3,2,2]
Ⱪ: [0,0,0,0,3,2,1]
ӵ: [0,0,0,0,3,2,0,4]
ℏ: [0,0,0,0,3,2,0,3]
ҥ: [0,0,0,0,3,2,0,2]
ǚ: [0,0,0,0,3,2,0,1]
ň: [0,0,0,0,3,2,0,0,4]
Ṕ: [0,0,0,0,3,2,0,0,3]
┖: [0,0,0,0,3,2,0,0,2]
⋭: [0,0,0,0,3,2,0,0,1]
⏀: [0,0,0,0,3,2,0,0,0]
→: [0,0,0,0,3,1,4]
↢: [0,0,0,0,3,1,3]
ǅ: [0,0,0,0,3,1,2]
⚊: [0,0,0,0,3,1,1]
⇯: [0,0,0,0,3,1,0,4]
⹙: [0,0,0,0,3,1,0,3]
♀: [0,0,0,0,3,1,0,2]
ḛ: [0,0,0,0,3,1,0,1]
@: [0,0,0,0,3,1,0,0,4]
϶: [0,0,0,0,3,1,0,0,3]
⇱: [0,0,0,0,3,1,0,0,2]
☔: [0,0,0,0,3,1,0,0,1]
׆: [0,0,0,0,3,1,0,0,0]
Ϸ: [0,0,0,0,3,0,4]
⸽: [0,0,0,0,3,0,3]
׳: [0,0,0,0,3,0,2,4]
⋠: [0,0,0,0,3,0,2,3]
◤: [0,0,0,0,3,0,2,2]
☈: [0,0,0,0,3,0,2,1]
ſ: [0,0,0,0,3,0,2,0,4]
Ẋ: [0,0,0,0,3,0,2,0,3]
◘: [0,0,0,0,3,0,2,0,2]
⎋: [0,0,0,0,3,0,2,0,1]
℘: [0,0,0,0,3,0,2,0,0]
⏤: [0,0,0,0,3,0,1,4]
Ḳ: [0,0,0,0,3,0,1,3]
ѓ: [0,0,0,0,3,0,1,2]
⊼: [0,0,0,0,3,0,1,1]
ǲ: [0,0,0,0,3,0,1,0,4]
≨: [0,0,0,0,3,0,1,0,3]
⚘: [0,0,0,0,3,0,1,0,2]
ȇ: [0,0,0,0,3,0,1,0,1]
µ: [0,0,0,0,3,0,1,0,0]
∀: [0,0,0,0,3,0,0,4]
ƃ: [0,0,0,0,3,0,0,3]
Ữ: [0,0,0,0,3,0,0,2]
Ѳ: [0,0,0,0,3,0,0,1,4]
└: [0,0,0,0,3,0,0,1,3]
ϸ: [0,0,0,0,3,0,0,1,2]
ָ: [0,0,0,0,3,0,0,1,1]
┵: [0,0,0,0,3,0,0,1,0,4]
Ϛ: [0,0,0,0,3,0,0,1,0,3]
ṩ: [0,0,0,0,3,0,0,1,0,2]
↱: [0,0,0,0,3,0,0,1,0,1]
ϱ: [0,0,0,0,3,0,0,1,0,0]
♆: [0,0,0,0,3,0,0,0,4]
▢: [0,0,0,0,3,0,0,0,3]
⋣: [0,0,0,0,3,0,0,0,2]
Z: [0,0,0,0,3,0,0,0,1]
⎂: [0,0,0,0,3,0,0,0,0,4]
⊕: [0,0,0,0,3,0,0,0,0,3]
⏏: [0,0,0,0,3,0,0,0,0,2]
↘: [0,0,0,0,3,0,0,0,0,1]
ш: [0,0,0,0,3,0,0,0,0,0]
⇋: [0,0,0,0,2,4]
♠: [0,0,0,0,2,3]
О: [0,0,0,0,2,2,4]
Ú: [0,0,0,0,2,2,3]
ℰ: [0,0,0,0,2,2,2]
÷: [0,0,0,0,2,2,1]
⹛: [0,0,0,0,2,2,0,4]
ℝ: [0,0,0,0,2,2,0,3]
⇗: [0,0,0,0,2,2,0,2]
⇉: [0,0,0,0,2,2,0,1]
⛳: [0,0,0,0,2,2,0,0,4]
ӈ: [0,0,0,0,2,2,0,0,3]
ֵ: [0,0,0,0,2,2,0,0,2]
⌓: [0,0,0,0,2,2,0,0,1]
ϙ: [0,0,0,0,2,2,0,0,0,4]
ỳ: [0,0,0,0,2,2,0,0,0,3]
g: [0,0,0,0,2,2,0,0,0,2]
:: [0,0,0,0,2,2,0,0,0,1]
ξ: [0,0,0,0,2,2,0,0,0,0]
ȓ: [0,0,0,0,2,1,4]
ȉ: [0,0,0,0,2,1,3]
Ӟ: [0,0,0,0,2,1,2]
⸝: [0,0,0,0,2,1,1]
Ɗ: [0,0,0,0,2,1,0,4]
֭: [0,0,0,0,2,1,0,3]
⏒: [0,0,0,0,2,1,0,2]
⍘: [0,0,0,0,2,1,0,1]
⸛: [0,0,0,0,2,1,0,0,4]
æ: [0,0,0,0,2,1,0,0,3]
W: [0,0,0,0,2,1,0,0,2]
∘: [0,0,0,0,2,1,0,0,1]
ấ: [0,0,0,0,2,1,0,0,0,4]
⋎: [0,0,0,0,2,1,0,0,0,3]
×: [0,0,0,0,2,1,0,0,0,2]
♰: [0,0,0,0,2,1,0,0,0,1]
⊖: [0,0,0,0,2,1,0,0,0,0]
⚠: [0,0,0,0,2,0,4]
▮: [0,0,0,0,2,0,3]
Ő: [0,0,0,0,2,0,2,4]
Ṙ: [0,0,0,0,2,0,2,3]
Ế: [0,0,0,0,2,0,2,2]
☻: [0,0,0,0,2,0,2,1]
ⱽ: [0,0,0,0,2,0,2,0,4]
א: [0,0,0,0,2,0,2,0,3]
┷: [0,0,0,0,2,0,2,0,2]
ℌ: [0,0,0,0,2,0,2,0,1]
╪: [0,0,0,0,2,0,2,0,0]
à: [0,0,0,0,2,0,1]
Ƈ: [0,0,0,0,2,0,0,4]
Ǌ: [0,0,0,0,2,0,0,3]
R: [0,0,0,0,2,0,0,2,4]
ⅅ: [0,0,0,0,2,0,0,2,3]
▸: [0,0,0,0,2,0,0,2,2]
∾: [0,0,0,0,2,0,0,2,1]
҂: [0,0,0,0,2,0,0,2,0,4]
⍢: [0,0,0,0,2,0,0,2,0,3]
Ǣ: [0,0,0,0,2,0,0,2,0,2]
ł: [0,0,0,0,2,0,0,2,0,1]
ắ: [0,0,0,0,2,0,0,2,0,0]
Ҕ: [0,0,0,0,2,0,0,1,4]
֛: [0,0,0,0,2,0,0,1,3]
ậ: [0,0,0,0,2,0,0,1,2]
r: [0,0,0,0,2,0,0,1,1]
⌑: [0,0,0,0,2,0,0,1,0]
Ӈ: [0,0,0,0,2,0,0,0,4]
⊶: [0,0,0,0,2,0,0,0,3]
ṯ: [0,0,0,0,2,0,0,0,2,4]
◭: [0,0,0,0,2,0,0,0,2,3]
Σ: [0,0,0,0,2,0,0,0,2,2]
ƍ: [0,0,0,0,2,0,0,0,2,1]
ŝ: [0,0,0,0,2,0,0,0,2,0]
╀: [0,0,0,0,2,0,0,0,1,4]
◩: [0,0,0,0,2,0,0,0,1,3]
⋩: [0,0,0,0,2,0,0,0,1,2]
ќ: [0,0,0,0,2,0,0,0,1,1]
Ḣ: [0,0,0,0,2,0,0,0,1,0]
β: [0,0,0,0,2,0,0,0,0]
ƈ: [0,0,0,0,1,4]
І: [0,0,0,0,1,3]
∄: [0,0,0,0,1,2]
ô: [0,0,0,0,1,1]
☞: [0,0,0,0,1,0,4]
◙: [0,0,0,0,1,0,3,4]
╖: [0,0,0,0,1,0,3,3]
┃: [0,0,0,0,1,0,3,2]
↛: [0,0,0,0,1,0,3,1]
ж: [0,0,0,0,1,0,3,0,4]
⍹: [0,0,0,0,1,0,3,0,3]
I: [0,0,0,0,1,0,3,0,2]
ȧ: [0,0,0,0,1,0,3,0,1]
ί: [0,0,0,0,1,0,3,0,0,4]
Â: [0,0,0,0,1,0,3,0,0,3]
ύ: [0,0,0,0,1,0,3,0,0,2]
Ố: [0,0,0,0,1,0,3,0,0,1]
⚙: [0,0,0,0,1,0,3,0,0,0]
⁀: [0,0,0,0,1,0,2]
⋫: [0,0,0,0,1,0,1]
‗: [0,0,0,0,1,0,0,4]
⋲: [0,0,0,0,1,0,0,3]
ḅ: [0,0,0,0,1,0,0,2,4]
∼: [0,0,0,0,1,0,0,2,3]
⌔: [0,0,0,0,1,0,0,2,2]
λ: [0,0,0,0,1,0,0,2,1]
⍕: [0,0,0,0,1,0,0,2,0,4]
▹: [0,0,0,0,1,0,0,2,0,3]
⋐: [0,0,0,0,1,0,0,2,0,2]
Ϙ: [0,0,0,0,1,0,0,2,0,1]
∸: [0,0,0,0,1,0,0,2,0,0]
ị: [0,0,0,0,1,0,0,1,4]
┲: [0,0,0,0,1,0,0,1,3]
⸻: [0,0,0,0,1,0,0,1,2]
⁊: [0,0,0,0,1,0,0,1,1]
Ҙ: [0,0,0,0,1,0,0,1,0,4]
◼: [0,0,0,0,1,0,0,1,0,3]
┯: [0,0,0,0,1,0,0,1,0,2]
⇡: [0,0,0,0,1,0,0,1,0,1]
ȸ: [0,0,0,0,1,0,0,1,0,0,4]
▪: [0,0,0,0,1,0,0,1,0,0,3]
֯: [0,0,0,0,1,0,0,1,0,0,2]
−: [0,0,0,0,1,0,0,1,0,0,1]
℥: [0,0,0,0,1,0,0,1,0,0,0]
׀: [0,0,0,0,1,0,0,0,4]
ƒ: [0,0,0,0,1,0,0,0,3,4]
Ụ: [0,0,0,0,1,0,0,0,3,3]
№: [0,0,0,0,1,0,0,0,3,2]
⊤: [0,0,0,0,1,0,0,0,3,1]
ȩ: [0,0,0,0,1,0,0,0,3,0]
Ʈ: [0,0,0,0,1,0,0,0,2]
Ỡ: [0,0,0,0,1,0,0,0,1,4]
♵: [0,0,0,0,1,0,0,0,1,3]
џ: [0,0,0,0,1,0,0,0,1,2]
⋍: [0,0,0,0,1,0,0,0,1,1]
⋸: [0,0,0,0,1,0,0,0,1,0]
ℎ: [0,0,0,0,1,0,0,0,0]
⹃: [0,0,0,0,0,4]
Ӣ: [0,0,0,0,0,3,4]
↓: [0,0,0,0,0,3,3]
ẩ: [0,0,0,0,0,3,2,4]
⋴: [0,0,0,0,0,3,2,3]
◳: [0,0,0,0,0,3,2,2]
/: [0,0,0,0,0,3,2,1]
Ƌ: [0,0,0,0,0,3,2,0,4]
ẓ: [0,0,0,0,0,3,2,0,3]
☄: [0,0,0,0,0,3,2,0,2]
ⱱ: [0,0,0,0,0,3,2,0,1]
ş: [0,0,0,0,0,3,2,0,0]
⎑: [0,0,0,0,0,3,1,4]
≳: [0,0,0,0,0,3,1,3]
Ҡ: [0,0,0,0,0,3,1,2]
╏: [0,0,0,0,0,3,1,1]
Ϣ: [0,0,0,0,0,3,1,0,4]
⋝: [0,0,0,0,0,3,1,0,3]
☵: [0,0,0,0,0,3,1,0,2]
ª: [0,0,0,0,0,3,1,0,1]
⛀: [0,0,0,0,0,3,1,0,0,4]
ⱴ: [0,0,0,0,0,3,1,0,0,3]
ƙ: [0,0,0,0,0,3,1,0,0,2]
╃: [0,0,0,0,0,3,1,0,0,1]
⇒: [0,0,0,0,0,3,1,0,0,0]
≫: [0,0,0,0,0,3,0,4]
⊚: [0,0,0,0,0,3,0,3]
⚤: [0,0,0,0,0,3,0,2]
∬: [0,0,0,0,0,3,0,1,4]
⎞: [0,0,0,0,0,3,0,1,3]
п: [0,0,0,0,0,3,0,1,2]
⁋: [0,0,0,0,0,3,0,1,1]
⚯: [0,0,0,0,0,3,0,1,0,4]
ϩ: [0,0,0,0,0,3,0,1,0,3]
֞: [0,0,0,0,0,3,0,1,0,2]
≛: [0,0,0,0,0,3,0,1,0,1]
☧: [0,0,0,0,0,3,0,1,0,0]
⸂: [0,0,0,0,0,3,0,0,4]
⸉: [0,0,0,0,0,3,0,0,3]
Ń: [0,0,0,0,0,3,0,0,2]
ℐ: [0,0,0,0,0,3,0,0,1,4]
Ẻ: [0,0,0,0,0,3,0,0,1,3]
‵: [0,0,0,0,0,3,0,0,1,2]
⌋: [0,0,0,0,0,3,0,0,1,1]
Ǵ: [0,0,0,0,0,3,0,0,1,0]
Ͼ: [0,0,0,0,0,3,0,0,0]
U: [0,0,0,0,0,2,4]
ǻ: [0,0,0,0,0,2,3]
⇜: [0,0,0,0,0,2,2]
Ρ: [0,0,0,0,0,2,1,4]
⊔: [0,0,0,0,0,2,1,3]
⋿: [0,0,0,0,0,2,1,2]
⛣: [0,0,0,0,0,2,1,1]
Ǔ: [0,0,0,0,0,2,1,0,4]
ͱ: [0,0,0,0,0,2,1,0,3]
ĝ: [0,0,0,0,0,2,1,0,2]
ǥ: [0,0,0,0,0,2,1,0,1]
⇔: [0,0,0,0,0,2,1,0,0,4]
⍝: [0,0,0,0,0,2,1,0,0,3]
γ: [0,0,0,0,0,2,1,0,0,2]
⛸: [0,0,0,0,0,2,1,0,0,1]
ұ: [0,0,0,0,0,2,1,0,0,0]
Ʊ: [0,0,0,0,0,2,0,4]
⍅: [0,0,0,0,0,2,0,3]
Û: [0,0,0,0,0,2,0,2,4]
∛: [0,0,0,0,0,2,0,2,3]
☃: [0,0,0,0,0,2,0,2,2]
⌶: [0,0,0,0,0,2,0,2,1]
⊒: [0,0,0,0,0,2,0,2,0]
Е: [0,0,0,0,0,2,0,1,4]
‰: [0,0,0,0,0,2,0,1,3]
Ẽ: [0,0,0,0,0,2,0,1,2]
¾: [0,0,0,0,0,2,0,1,1]
≇: [0,0,0,0,0,2,0,1,0,4]
╯: [0,0,0,0,0,2,0,1,0,3]
ế: [0,0,0,0,0,2,0,1,0,2]
ȴ: [0,0,0,0,0,2,0,1,0,1]
⊩: [0,0,0,0,0,2,0,1,0,0]
╠: [0,0,0,0,0,2,0,0]
Ķ: [0,0,0,0,0,1]
φ: [0,0,0,0,0,0,4]
д: [0,0,0,0,0,0,3]
Ȫ: [0,0,0,0,0,0,2,4]
Ớ: [0,0,0,0,0,0,2,3]
ḏ: [0,0,0,0,0,0,2,2]
⸋: [0,0,0,0,0,0,2,1]
Ӷ: [0,0,0,0,0,0,2,0,4]
◄: [0,0,0,0,0,0,2,0,3]
ạ: [0,0,0,0,0,0,2,0,2,4]
⛗: [0,0,0,0,0,0,2,0,2,3]
υ: [0,0,0,0,0,0,2,0,2,2]
Ǭ: [0,0,0,0,0,0,2,0,2,1]
⏑: [0,0,0,0,0,0,2,0,2,0]
ў: [0,0,0,0,0,0,2,0,1]
Ѥ: [0,0,0,0,0,0,2,0,0]
”: [0,0,0,0,0,0,1,4]
Ự: [0,0,0,0,0,0,1,3]
#: [0,0,0,0,0,0,1,2]
‘: [0,0,0,0,0,0,1,1,4]
Ĕ: [0,0,0,0,0,0,1,1,3]
⋦: [0,0,0,0,0,0,1,1,2]
⹎: [0,0,0,0,0,0,1,1,1]
ṙ: [0,0,0,0,0,0,1,1,0,4]
☏: [0,0,0,0,0,0,1,1,0,3]
ļ: [0,0,0,0,0,0,1,1,0,2]
∝: [0,0,0,0,0,0,1,1,0,1]
ī: [0,0,0,0,0,0,1,1,0,0]
ש: [0,0,0,0,0,0,1,0,4]
Ү: [0,0,0,0,0,0,1,0,3,4]
ṟ: [0,0,0,0,0,0,1,0,3,3]
ℙ: [0,0,0,0,0,0,1,0,3,2]
⍖: [0,0,0,0,0,0,1,0,3,1]
┦: [0,0,0,0,0,0,1,0,3,0]
☤: [0,0,0,0,0,0,1,0,2,4]
Ɱ: [0,0,0,0,0,0,1,0,2,3]
⏧: [0,0,0,0,0,0,1,0,2,2]
Ể: [0,0,0,0,0,0,1,0,2,1]
⹀: [0,0,0,0,0,0,1,0,2,0]
↫: [0,0,0,0,0,0,1,0,1]
⊙: [0,0,0,0,0,0,1,0,0]
┗: [0,0,0,0,0,0,0,4]
⸏: [0,0,0,0,0,0,0,3,4]
ș: [0,0,0,0,0,0,0,3,3]
ℚ: [0,0,0,0,0,0,0,3,2]
⊃: [0,0,0,0,0,0,0,3,1,4]
Ẕ: [0,0,0,0,0,0,0,3,1,3]
Ắ: [0,0,0,0,0,0,0,3,1,2]
⌇: [0,0,0,0,0,0,0,3,1,1]
╎: [0,0,0,0,0,0,0,3,1,0]
╓: [0,0,0,0,0,0,0,3,0,4]
⍁: [0,0,0,0,0,0,0,3,0,3]
╕: [0,0,0,0,0,0,0,3,0,2]
↬: [0,0,0,0,0,0,0,3,0,1]
◹: [0,0,0,0,0,0,0,3,0,0,4]
▨: [0,0,0,0,0,0,0,3,0,0,3]
ם: [0,0,0,0,0,0,0,3,0,0,2]
ĕ: [0,0,0,0,0,0,0,3,0,0,1]
Ö: [0,0,0,0,0,0,0,3,0,0,0,4]
Ṇ: [0,0,0,0,0,0,0,3,0,0,0,3]
≼: [0,0,0,0,0,0,0,3,0,0,0,2]
∊: [0,0,0,0,0,0,0,3,0,0,0,1]
Ḏ: [0,0,0,0,0,0,0,3,0,0,0,0]
⅍: [0,0,0,0,0,0,0,2,4]
⁂: [0,0,0,0,0,0,0,2,3]
⇧: [0,0,0,0,0,0,0,2,2,4]
⚇: [0,0,0,0,0,0,0,2,2,3]
ϡ: [0,0,0,0,0,0,0,2,2,2]
Ж: [0,0,0,0,0,0,0,2,2,1]
⌘: [0,0,0,0,0,0,0,2,2,0]
╟: [0,0,0,0,0,0,0,2,1,4]
⛁: [0,0,0,0,0,0,0,2,1,3]
⍧: [0,0,0,0,0,0,0,2,1,2]
Ӕ: [0,0,0,0,0,0,0,2,1,1]
Ϯ: [0,0,0,0,0,0,0,2,1,0]
│: [0,0,0,0,0,0,0,2,0,4]
⸔: [0,0,0,0,0,0,0,2,0,3]
◲: [0,0,0,0,0,0,0,2,0,2]
↭: [0,0,0,0,0,0,0,2,0,1,4]
⎏: [0,0,0,0,0,0,0,2,0,1,3]
┸: [0,0,0,0,0,0,0,2,0,1,2]
К: [0,0,0,0,0,0,0,2,0,1,1]
ź: [0,0,0,0,0,0,0,2,0,1,0]
⍄: [0,0,0,0,0,0,0,2,0,0,4]
⇻: [0,0,0,0,0,0,0,2,0,0,3]
Ổ: [0,0,0,0,0,0,0,2,0,0,2]
┅: [0,0,0,0,0,0,0,2,0,0,1]
⌌: [0,0,0,0,0,0,0,2,0,0,0]
≵: [0,0,0,0,0,0,0,1]
ғ: [0,0,0,0,0,0,0,0]