Runtime: 0.131s
Pearllengths in mm: 1,5,23,27,56,171,198,298,723,823,1971,8723,18723,29823,30289,238623,923981
Messagelength in mm: 84886
Solution Data: 0,0,0,0,0,0,0,0,0,0,0,0,1,8,4,8,3,4,10,8,13,12,24,33,22,40,56,82,87,73,72,64,39,11,0
の: [1,0,1,0]
た: [0,1,0,1,0]
に: [0,0,0,0,0,0,0,1,0]
い: [1,0,0,1,0]
し: [0,0,1,1,0]
と: [0,0,0,0,0,1,0,0,0]
を: [1,1,0,0,0]
て: [0,0,0,1,0,0,0,0,0]
は: [0,1,0,0,0,0,0,0,0]
、: [0,0,1,0,1,0]
な: [1,0,0,0,1,0]
。: [0,0,0,0,0,0,0,0,1,0]
が: [0,1,0,0,1,0]
る: [0,0,0,1,0,1,0]
で: [0,1,0,0,0,1,0]
こ: [0,0,0,0,0,0,0,0,0,1,0]
か: [1,0,0,0,0,1,0]
っ: [0,0,1,0,0,1,0]
ら: [0,0,0,0,1,1,0]
う: [0,0,0,0,0,0,0,0,0,0,0,0,0,0,0]
れ: [1,0,0,0,0,0,0,0,0,0,0]
す: [0,0,0,0,1,0,1,0]
ー: [0,0,1,0,0,0,1,0]
り: [1,0,0,0,0,0,1,0]
き: [0,0,0,0,0,1,0,1,0]
ま: [1,1,0,1,0]
そ: [0,0,0,1,0,0,0,1,0]
ン: [0,1,0,0,0,0,0,1,0]
く: [0,0,0,0,0,0,1,0,1,0]
よ: [0,1,1,0,1,0]
だ: [0,0,0,0,1,0,0,0,1,0]
あ: [0,0,1,0,0,0,0,0,1,0]
さ: [1,0,0,0,0,0,0,0,1,0]
も: [0,0,0,0,0,0,0,0,0,0,0,0,1,0]
わ: [0,1,0,0,0,0,0,0,1,0]
・: [0,0,0,1,0,0,0,0,1,0]
 : [1,1,0,0,1,0]
　: [0,0,0,0,0,1,0,0,1,0]
お: [0,0,0,0,0,0,0,0,0,0,0,0,0,1,0]
け: [1,0,0,0,0,0,0,0,0,1,0]
「: [0,0,1,0,0,0,0,0,0,1,0]
」: [0,0,0,0,1,0,0,0,0,1,0]
ル: [0,1,1,0,0,1,0]
え: [0,0,0,0,0,0,1,0,0,1,0]
ち: [0,0,0,1,1,1,0]
ん: [0,1,0,0,1,1,0]
ラ: [0,0,0,1,1,0,1,0]
つ: [0,0,0,0,0,0,1,0,0,0,1,0]
ス: [0,1,1,0,0,0,1,0]
カ: [0,0,0,0,1,0,0,0,0,0,1,0]
人: [0,0,1,0,0,0,0,0,0,0,1,0]
イ: [1,0,0,0,0,0,0,0,0,0,1,0]
見: [0,0,0,0,0,0,0,0,0,0,0,0,0,0,1,0]
ト: [0,0,0,0,1,1,1,0]
ウ: [0,0,1,0,0,1,1,0]
レ: [1,0,0,0,0,1,1,0]
ど: [0,0,0,0,0,0,0,0,0,1,1,0]
や: [0,1,0,0,0,1,1,0]
ジ: [0,0,0,1,0,1,1,0]
大: [0,0,1,0,0,0,0,0,0,0,0,1,0]
聖: [0,0,0,0,1,0,0,0,0,0,0,1,0]
彼: [0,1,1,0,0,0,0,1,0]
め: [0,0,0,0,0,0,1,0,0,0,0,1,0]
上: [0,0,0,1,1,0,0,1,0]
エ: [0,0,0,0,0,1,1,1,0]
者: [1,1,1,1,0]
せ: [0,0,0,1,0,0,1,1,0]
ア: [0,1,0,0,0,0,1,1,0]
思: [0,0,0,0,0,0,0,0,0,0,1,1,0]
フ: [1,0,0,0,0,0,1,1,0]
出: [0,0,1,0,0,0,1,1,0]
ば: [0,0,0,0,0,0,0,0,0,0,1,0,1,0]
サ: [0,1,0,0,0,0,1,0,1,0]
車: [0,0,0,1,0,0,1,0,1,0]
堂: [1,1,1,0,1,0]
建: [0,0,0,0,0,1,1,0,1,0]
海: [0,0,0,1,1,0,0,0,1,0]
中: [0,0,0,0,0,0,1,0,0,0,0,0,1,0]
む: [0,1,1,0,0,0,0,0,1,0]
道: [0,0,0,0,1,0,0,0,0,0,0,0,1,0]
ョ: [0,0,1,0,0,0,0,0,0,0,0,0,1,0]
事: [1,0,1,1,1,0]
物: [0,0,0,0,0,0,1,1,1,0]
み: [0,1,1,1,1,0]
チ: [0,0,0,0,1,0,0,1,1,0]
言: [0,0,1,0,0,0,0,1,1,0]
タ: [1,0,0,0,0,0,0,1,1,0]
手: [0,0,0,0,0,0,0,0,0,0,0,1,1,0]
地: [0,1,0,0,0,0,0,1,1,0]
一: [0,0,0,1,0,0,0,1,1,0]
口: [1,1,0,1,1,0]
会: [0,0,0,0,0,1,0,1,1,0]
べ: [0,0,1,1,1,0,0,0,0,0]
ク: [1,0,0,1,1,0,0,0,0,0]
げ: [0,0,0,0,0,0,0,1,1,0,0,0,0,0]
部: [0,0,0,0,0,0,0,0,0,0,0,1,0,1,0]
マ: [1,0,0,0,0,0,0,1,0,1,0]
ほ: [0,0,1,0,0,0,0,1,0,1,0]
オ: [0,0,0,0,1,0,0,1,0,1,0]
ろ: [0,1,1,1,0,1,0]
び: [0,0,0,0,0,0,1,1,0,1,0]
立: [1,0,1,1,0,1,0]
水: [0,0,1,0,0,0,0,0,0,0,0,0,0,1,0]
築: [0,0,0,0,1,0,0,0,0,0,0,0,0,1,0]
乗: [0,1,1,0,0,0,0,0,0,1,0]
雨: [0,0,0,0,0,0,1,0,0,0,0,0,0,1,0]
通: [0,0,0,1,1,0,0,0,0,1,0]
ょ: [0,0,0,0,0,1,1,0,0,1,0]
入: [1,1,1,0,0,1,0]
ね: [0,0,0,1,0,0,1,0,0,1,0]
主: [0,1,0,0,0,0,1,0,0,1,0]
任: [0,0,0,0,0,0,0,0,0,0,1,0,0,1,0]
司: [0,1,0,1,1,1,0]
場: [0,0,0,0,0,0,0,1,1,1,0]
川: [1,0,0,1,1,1,0]
決: [0,0,1,1,1,1,0]
自: [0,0,0,0,0,1,0,0,1,1,0]
馬: [1,1,0,0,1,1,0]
員: [0,0,0,1,0,0,0,0,1,1,0]
ァ: [0,1,0,0,0,0,0,0,1,1,0]
ド: [0,0,0,0,0,0,0,0,0,0,0,0,1,1,0]
ぶ: [1,0,0,0,0,0,0,0,1,1,0]
家: [0,0,1,0,0,0,0,0,1,1,0]
合: [0,0,0,0,1,0,0,0,1,1,0]
―: [0,1,1,0,1,1,0]
分: [0,0,0,0,0,0,1,0,1,1,0]
気: [0,0,0,0,1,0,1,1,0,0,0]
祭: [0,0,0,0,0,0,0,0,1,1,0,0,0,0,0]
線: [2,0]
内: [0,0,1,1,1,0,1,0]
送: [1,0,0,1,1,0,1,0]
後: [0,0,0,0,0,0,0,1,1,0,1,0]
港: [0,1,0,1,1,0,1,0]
ざ: [0,0,0,0,0,0,0,0,0,0,1,0,0,0,1,0]
市: [0,1,0,0,0,0,1,0,0,0,1,0]
取: [0,0,0,1,0,0,1,0,0,0,1,0]
ッ: [1,1,1,0,0,0,1,0]
利: [0,0,0,0,0,1,1,0,0,0,1,0]
明: [0,0,0,1,1,0,0,0,0,0,1,0]
行: [0,0,0,0,0,0,1,0,0,0,0,0,0,0,1,0]
ご: [0,1,1,0,0,0,0,0,0,0,1,0]
目: [0,0,0,0,1,0,0,0,0,0,0,0,0,0,1,0]
駅: [0,0,1,0,0,0,0,0,0,0,0,0,0,0,1,0]
降: [1,0,1,1,0,0,1,0]
前: [0,0,0,0,0,0,1,1,0,0,1,0]
ぎ: [0,1,1,1,0,0,1,0]
友: [0,0,0,0,1,0,0,1,0,0,1,0]
奏: [0,0,1,0,0,0,0,1,0,0,1,0]
重: [1,0,0,0,0,0,0,1,0,0,1,0]
不: [0,0,0,0,0,0,0,0,0,0,0,1,0,0,1,0]
陸: [0,2,0]
四: [0,0,0,0,0,0,0,0,1,1,0,1,0]
得: [1,0,0,0,1,1,0,1,0]
身: [0,0,1,0,1,1,0,1,0]
防: [0,0,0,0,0,0,0,0,0,0,0,1,0,0,0,1,0]
ぐ: [1,0,0,0,0,0,0,1,0,0,0,1,0]
振: [0,0,1,0,0,0,0,1,0,0,0,1,0]
方: [0,0,0,0,1,0,0,1,0,0,0,1,0]
広: [0,1,1,1,0,0,0,1,0]
鉄: [0,0,0,0,0,0,1,1,0,0,0,1,0]
外: [1,0,1,1,0,0,0,1,0]
交: [0,0,1,0,0,0,0,0,0,0,0,0,0,0,0,1,0]
年: [0,0,0,0,1,0,0,0,0,0,0,0,0,0,0,1,0]
運: [0,1,1,0,0,0,0,0,0,0,0,1,0]
屋: [0,0,0,0,0,0,1,0,0,0,0,0,0,0,0,1,0]
式: [0,0,0,1,1,0,0,0,0,0,0,1,0]
敷: [0,0,0,0,0,1,1,0,0,0,0,1,0]
過: [1,1,1,0,0,0,0,1,0]
ワ: [0,0,0,1,0,0,1,0,0,0,0,1,0]
着: [0,1,0,0,0,0,1,0,0,0,0,1,0]
用: [0,0,0,0,0,0,0,0,0,0,1,0,0,0,0,1,0]
数: [0,1,0,1,1,0,0,1,0]
実: [0,0,0,0,0,0,0,1,1,0,0,1,0]
側: [1,0,0,1,1,0,0,1,0]
ぼ: [0,0,1,1,1,0,0,1,0]
ひ: [0,0,0,1,0,1,1,1,0]
若: [0,1,0,0,0,1,1,1,0]
意: [0,0,0,0,0,0,0,0,0,1,1,1,0]
紹: [1,0,0,0,0,1,1,1,0]
介: [0,0,1,0,0,1,1,1,0]
教: [0,0,0,0,1,1,1,1,0]
ミ: [0,0,0,0,0,0,0,0,0,0,0,0,0,0,1,1,0]
ノ: [1,0,0,0,0,0,0,0,0,0,1,1,0]
ガ: [0,0,1,0,0,0,0,0,0,0,1,1,0]
医: [0,0,0,0,1,0,0,0,0,0,1,1,0]
リ: [0,1,1,0,0,0,1,1,0]
差: [0,0,0,0,0,0,1,0,0,0,1,1,0]
安: [0,0,0,1,1,0,1,1,0]
素: [1,0,0,0,1,1,0,0,0,0,0,0,0]
塔: [0,0,1,0,1,1,0,0,0,0,0,0,0]
量: [0,0,2,0]
無: [0,0,1,1,1,0,0,0,1,0]
船: [1,0,0,1,1,0,0,0,1,0]
ダ: [0,0,0,0,0,0,0,1,1,0,0,0,1,0]
撃: [0,1,0,1,1,0,0,0,1,0]
名: [0,0,0,0,0,0,0,0,0,0,1,0,0,0,0,0,1,0]
河: [0,1,0,0,0,0,1,0,0,0,0,0,1,0]
他: [0,0,0,1,0,0,1,0,0,0,0,0,1,0]
民: [1,1,1,0,0,0,0,0,1,0]
生: [0,0,0,0,0,1,1,0,0,0,0,0,1,0]
代: [0,0,0,1,1,0,0,0,0,0,0,0,1,0]
考: [0,0,0,0,0,0,1,0,0,0,0,0,0,0,0,0,1,0]
石: [0,1,1,0,0,0,0,0,0,0,0,0,1,0]
堤: [0,0,0,0,1,0,0,0,0,0,0,0,0,0,0,0,1,0]
牧: [0,0,1,0,0,0,0,0,0,0,0,0,0,0,0,0,1,0]
草: [1,0,1,1,0,0,0,0,1,0]
味: [0,0,0,0,0,0,1,1,0,0,0,0,1,0]
南: [0,1,1,1,0,0,0,0,1,0]
越: [0,0,0,0,1,0,0,1,0,0,0,0,1,0]
舞: [0,0,1,0,0,0,0,1,0,0,0,0,1,0]
町: [1,0,0,0,0,0,0,1,0,0,0,0,1,0]
々: [0,0,0,0,0,0,0,0,0,0,0,1,0,0,0,0,1,0]
小: [0,0,1,0,1,1,0,0,1,0]
北: [1,0,0,0,1,1,0,0,1,0]
走: [0,0,0,0,0,0,0,0,1,1,0,0,1,0]
復: [0,0,0,0,1,0,1,1,1,0]
保: [0,0,1,0,0,0,1,1,1,0]
古: [1,0,0,0,0,0,1,1,1,0]
説: [0,0,0,0,0,0,0,0,0,0,1,1,1,0]
修: [0,1,0,0,0,0,1,1,1,0]
商: [0,0,0,1,0,0,1,1,1,0]
ず: [1,1,1,1,1,0]
到: [0,0,0,0,0,1,1,1,1,0]
荷: [0,0,0,1,1,0,0,1,1,0]
足: [0,0,0,0,0,0,1,0,0,0,0,1,1,0]
音: [0,1,1,0,0,0,0,1,1,0]
パ: [0,0,0,0,1,0,0,0,0,0,0,1,1,0]
じ: [0,0,1,0,0,0,0,0,0,0,0,1,1,0]
歩: [0,0,1,0,1,1,1,0,0,0]
ぞ: [1,0,0,0,1,1,1,0,0,0]
少: [0,0,0,0,0,0,0,0,1,1,1,0,0,0]
散: [0,1,0,0,1,1,1,0,0,0]
巨: [0,0,0,1,1,1,1,0,0,0]
空: [0,0,0,0,0,0,1,0,0,1,1,0,0,0]
話: [0,1,1,0,0,1,1,0,0,0]
格: [0,0,0,0,1,0,0,0,0,1,1,0,0,0]
助: [0,0,1,0,0,0,0,0,0,1,1,0,0,0]
仕: [1,0,0,0,0,0,0,0,0,1,1,0,0,0]
示: [0,0,0,0,0,0,0,0,0,0,0,0,0,1,1,0,0,0]
づ: [0,1,0,1,1,0,0,0,0,0,0,0,0,0]
指: [0,0,0,0,0,0,0,0,0,0,1,0,0,0,0,0,0,0,0,0,0,0]
ゃ: [0,1,0,0,0,0,1,0,0,0,0,0,0,0,0,0,0,0]
特: [0,0,0,1,0,0,1,0,0,0,0,0,0,0,0,0,0,0]
廊: [1,1,1,0,0,0,0,0,0,0,0,0,0,0]
晴: [0,0,0,0,0,1,1,0,0,0,0,0,0,0,0,0,0,0]
眠: [0,0,0,1,1,0,0,0,0,0,0,0,0,0,0,0,0,0]
図: [0,0,0,2,0]
ォ: [0,0,0,0,1,0,1,1,0,1,0]
元: [0,0,0,0,0,0,0,0,1,1,0,0,0,1,0]
呼: [1,0,0,0,1,1,0,0,0,1,0]
所: [0,0,1,0,1,1,0,0,0,1,0]
今: [0,0,0,0,0,0,0,0,0,0,0,1,0,0,0,0,0,1,0]
岸: [1,0,0,0,0,0,0,1,0,0,0,0,0,1,0]
二: [0,0,1,0,0,0,0,1,0,0,0,0,0,1,0]
寄: [0,0,0,0,1,0,0,1,0,0,0,0,0,1,0]
隊: [0,1,1,1,0,0,0,0,0,1,0]
隻: [0,0,0,0,0,0,1,1,0,0,0,0,0,1,0]
世: [1,0,1,1,0,0,0,0,0,1,0]
由: [0,0,1,0,0,0,0,0,0,0,0,0,0,0,0,0,0,1,0]
砂: [0,0,0,0,1,0,0,0,0,0,0,0,0,0,0,0,0,1,0]
流: [0,1,1,0,0,0,0,0,0,0,0,0,0,1,0]
細: [0,0,0,0,0,0,1,0,0,0,0,0,0,0,0,0,0,1,0]
横: [0,0,0,1,1,0,0,0,0,0,0,0,0,1,0]
伸: [0,0,0,0,0,1,1,0,0,0,0,0,0,1,0]
知: [1,1,1,0,0,0,0,0,0,1,0]
放: [0,0,0,1,0,0,1,0,0,0,0,0,0,1,0]
羊: [0,1,0,0,0,0,1,0,0,0,0,0,0,1,0]
権: [0,0,0,0,0,0,0,0,0,0,1,0,0,0,0,0,0,1,0]
持: [0,1,0,1,1,0,0,0,0,1,0]
負: [0,0,0,0,0,0,0,1,1,0,0,0,0,1,0]
美: [1,0,0,1,1,0,0,0,0,1,0]
風: [0,0,1,1,1,0,0,0,0,1,0]
波: [0,0,0,0,0,1,0,1,1,1,0]
儀: [1,1,0,1,1,1,0]
日: [0,0,0,1,0,0,0,1,1,1,0]
ゆ: [0,1,0,0,0,0,0,1,1,1,0]
窓: [0,0,0,0,0,0,0,0,0,0,0,1,1,1,0]
動: [1,0,0,0,0,0,0,1,1,1,0]
境: [0,0,1,0,0,0,0,1,1,1,0]
グ: [0,0,0,0,1,0,0,1,1,1,0]
輪: [0,1,1,1,1,1,0]
街: [0,0,0,0,0,0,1,1,1,1,0]
治: [1,0,1,1,1,1,0]
都: [0,0,1,0,0,0,0,0,0,0,0,0,1,1,0]
有: [0,0,0,0,1,0,0,0,0,0,0,0,1,1,0]
能: [0,1,1,0,0,0,0,0,1,1,0]
信: [0,0,0,0,0,0,1,0,0,0,0,0,1,1,0]
望: [0,0,0,1,1,0,0,0,1,1,0]
集: [0,0,0,0,0,1,1,0,1,1,0]
団: [1,1,1,0,1,1,0]
便: [0,0,0,1,0,0,1,0,1,1,0]
社: [0,1,0,0,0,0,1,0,1,1,0]
支: [0,0,0,0,0,0,0,0,0,0,1,0,1,1,0]
工: [0,0,0,0,0,0,0,0,0,0,0,1,0,0,0,0,0,0,0,0,0,0,0]
委: [1,0,0,0,0,0,0,1,0,0,0,0,0,0,0,0,0,0,0]
時: [0,0,1,0,0,0,0,1,0,0,0,0,0,0,0,0,0,0,0]
汽: [0,0,0,0,1,0,0,1,0,0,0,0,0,0,0,0,0,0,0]
午: [0,1,1,1,0,0,0,0,0,0,0,0,0,0,0]
三: [0,0,0,0,0,0,1,1,0,0,0,0,0,0,0,0,0,0,0]
等: [1,0,1,1,0,0,0,0,0,0,0,0,0,0,0]
券: [0,0,1,0,0,0,0,0,0,0,0,0,0,0,0,0,0,0,0,0,0,0,0]
買: [0,0,0,0,1,0,0,0,0,0,0,0,0,0,0,0,0,0,0,0,0,0,0]
厳: [0,1,1,0,0,0,0,0,0,0,0,0,0,0,0,0,0,0,0]
心: [0,0,0,0,0,0,1,0,0,0,0,0,0,0,0,0,0,0,0,0,0,0,0]
老: [0,0,0,0,0,0,0,0,0,0,0,1,0,1,1]
ブ: [1,0,0,0,0,0,0,1,0,1,1]
ム: [0,0,1,0,0,0,0,1,0,1,1]
ホ: [0,0,0,0,1,0,0,1,0,1,1]
テ: [0,1,1,1,0,1,1]
床: [0,0,0,0,0,0,1,1,0,1,1]
覆: [1,0,1,1,0,1,1]
十: [0,0,1,0,0,0,0,0,0,0,0,0,0,1,1]
全: [0,0,0,0,1,0,0,0,0,0,0,0,0,1,1]
頭: [0,1,1,0,0,0,0,0,0,1,1]
面: [0,0,0,0,0,0,1,0,0,0,0,0,0,1,1]
感: [0,0,0,1,1,0,0,0,0,1,1]
ピ: [0,0,0,0,0,1,1,0,0,1,1]
ヴ: [1,1,1,0,0,1,1]
進: [0,0,0,1,0,0,1,0,0,1,1]
根: [0,1,0,0,0,0,1,0,0,1,1]
神: [0,0,0,0,0,0,0,0,0,0,1,0,0,1,1]
ポ: [0,1,0,1,1,1,1]
深: [0,0,0,0,0,0,0,1,1,1,1]
套: [1,0,0,1,1,1,1]
暗: [0,0,1,1,1,1,1]
職: [0,0,0,0,0,1,0,0,1,1,1]
直: [1,1,0,0,1,1,1]
多: [0,0,0,1,0,0,0,0,1,1,1]
以: [3,0]
頷: [0,0,0,0,2,0]
参: [0,1,0,1,1,0,0,0,0,0,1,0]
キ: [0,0,0,0,0,0,0,0,0,0,1,0,0,0,0,0,0,0,1,0]
尊: [0,1,0,0,0,0,1,0,0,0,0,0,0,0,1,0]
区: [0,0,0,1,0,0,1,0,0,0,0,0,0,0,1,0]
下: [1,1,1,0,0,0,0,0,0,0,1,0]
シ: [0,0,0,0,0,1,1,0,0,0,0,0,0,0,1,0]
楽: [0,0,0,1,1,0,0,0,0,0,0,0,0,0,1,0]
ぬ: [0,0,0,0,0,0,1,0,0,0,0,0,0,0,0,0,0,0,1,0]
度: [0,1,1,0,0,0,0,0,0,0,0,0,0,0,1,0]
対: [0,0,0,0,1,0,0,0,0,0,0,0,0,0,0,0,0,0,1,0]
達: [0,0,1,0,0,0,0,0,0,0,0,0,0,0,0,0,0,0,1,0]
何: [1,0,1,1,0,0,0,0,0,0,1,0]
役: [0,0,0,0,0,0,1,1,0,0,0,0,0,0,1,0]
濡: [0,1,1,1,0,0,0,0,0,0,1,0]
匂: [0,0,0,0,1,0,0,1,0,0,0,0,0,0,1,0]
注: [0,0,1,0,0,0,0,1,0,0,0,0,0,0,1,0]
ベ: [1,0,0,0,0,0,0,1,0,0,0,0,0,0,1,0]
丈: [0,0,0,0,0,0,0,0,0,0,0,1,0,0,0,0,0,0,1,0]
様: [0,0,1,0,1,1,0,0,0,0,1,0]
積: [1,0,0,0,1,1,0,0,0,0,1,0]
山: [0,0,0,0,0,0,0,0,1,1,0,0,0,0,1,0]
英: [0,0,0,0,1,0,1,1,0,0,1,0]
国: [0,0,0,0,0,0,1,0,1,1,1,0]
測: [0,1,1,0,1,1,1,0]
制: [0,0,0,0,1,0,0,0,1,1,1,0]
作: [0,0,1,0,0,0,0,0,1,1,1,0]
単: [1,0,0,0,0,0,0,0,1,1,1,0]
敵: [0,0,0,0,0,0,0,0,0,0,0,0,1,1,1,0]
艦: [0,1,0,0,0,0,0,0,1,1,1,0]
戦: [2,1]
六: [0,0,1,1,1,0,1,1]
紀: [1,0,0,1,1,0,1,1]
攻: [0,0,0,0,0,0,0,1,1,0,1,1]
迎: [0,1,0,1,1,0,1,1]
緒: [0,0,0,0,0,0,0,0,0,0,1,0,0,0,1,1]
歴: [0,1,0,0,0,0,1,0,0,0,1,1]
史: [0,0,0,1,0,0,1,0,0,0,1,1]
輝: [1,1,1,0,0,0,1,1]
残: [0,0,0,0,0,1,1,0,0,0,1,1]
域: [0,0,0,1,1,0,0,0,0,0,1,1]
沈: [0,0,0,0,0,0,1,0,0,0,0,0,0,0,1,1]
泥: [0,1,1,0,0,0,0,0,0,0,1,1]
ふ: [0,0,0,0,1,0,0,0,0,0,0,0,0,0,1,1]
州: [0,0,1,0,0,0,0,0,0,0,0,0,0,0,1,1]
貿: [1,0,1,1,0,0,1,1]
易: [0,0,0,0,0,0,1,1,0,0,1,1]
探: [0,1,1,1,0,0,1,1]
へ: [0,0,0,0,1,0,0,1,0,0,1,1]
縦: [0,0,1,0,0,0,0,1,0,0,1,1]
縮: [1,0,0,0,0,0,0,1,0,0,1,1]
変: [0,0,0,0,0,0,0,0,0,0,0,1,0,0,1,1]
貌: [0,0,1,0,1,1,1,1]
類: [1,0,0,0,1,1,1,1]
計: [0,0,0,0,0,0,0,0,1,1,1,1]
塩: [0,1,0,0,1,1,1,1]
沢: [0,0,0,1,1,1,1,1]
埋: [0,0,0,0,0,0,1,0,0,1,1,1]
償: [0,1,1,0,0,1,1,1]
真: [0,0,0,0,1,0,0,0,0,1,1,1]
路: [0,0,1,0,0,0,0,0,0,1,1,1]
造: [1,0,0,0,0,0,0,0,0,1,1,1]
低: [0,0,0,0,0,0,0,0,0,0,0,0,0,1,1,1]
峡: [0,1,0,1,1,0,0,0,0,0,0,1]
プ: [0,0,0,0,0,0,0,0,0,0,1,0,0,0,0,0,0,0,0,1]
産: [0,1,0,0,0,0,1,0,0,0,0,0,0,0,0,1]
抵: [0,0,0,1,0,0,1,0,0,0,0,0,0,0,0,1]
抗: [1,1,1,0,0,0,0,0,0,0,0,1]
渡: [0,0,0,0,0,1,1,0,0,0,0,0,0,0,0,1]
東: [0,0,0,1,1,0,0,0,0,0,0,0,0,0,0,1]
潮: [0,0,0,0,0,0,1,0,0,0,0,0,0,0,0,0,0,0,0,1]
共: [0,1,1,0,0,0,0,0,0,0,0,0,0,0,0,1]
忘: [0,0,0,0,1,0,0,0,0,0,0,0,0,0,0,0,0,0,0,1]
昔: [0,0,1,0,0,0,0,0,0,0,0,0,0,0,0,0,0,0,0,1]
拘: [1,0,1,1,0,0,0,0,0,0,0,1]
束: [0,0,0,0,0,0,1,1,0,0,0,0,0,0,0,1]
断: [0,1,1,1,0,0,0,0,0,0,0,1]
切: [0,0,0,0,1,0,0,1,0,0,0,0,0,0,0,1]
暴: [0,0,1,0,0,0,0,1,0,0,0,0,0,0,0,1]
階: [1,0,0,0,0,0,0,1,0,0,0,0,0,0,0,1]
眺: [0,0,0,0,0,0,0,0,0,0,0,1,0,0,0,0,0,0,0,1]
誰: [0,0,1,0,1,1,0,0,0,0,0,1]
再: [1,0,0,0,1,1,0,0,0,0,0,1]
移: [1,2]
浸: [0,0,0,0,0,2]
湖: [0,3]
界: [0,2,1]
幅: [0,0,0,0,0,0,0,0,1,1,0,1,1]
ザ: [1,0,0,0,1,1,0,1,1]
幹: [0,0,1,0,1,1,0,1,1]
捨: [0,0,0,0,0,0,0,0,0,0,0,1,0,0,0,1,1]
七: [1,0,0,0,0,0,0,1,0,0,0,1,1]
長: [0,0,1,0,0,0,0,1,0,0,0,1,1]
鄙: [0,0,0,0,1,0,0,1,0,0,0,1,1]
往: [0,1,1,1,0,0,0,1,1]
選: [0,0,0,0,0,0,1,1,0,0,0,1,1]
議: [1,0,1,1,0,0,0,1,1]
ゼ: [0,0,1,0,0,0,0,0,0,0,0,0,0,0,0,1,1]
体: [0,0,0,0,1,0,0,0,0,0,0,0,0,0,0,1,1]
表: [0,1,1,0,0,0,0,0,0,0,0,1,1]
正: [0,0,0,0,0,0,1,0,0,0,0,0,0,0,0,1,1]
組: [0,0,0,1,1,0,0,0,0,0,0,1,1]
織: [0,0,0,0,0,1,1,0,0,0,0,1,1]
改: [1,1,1,0,0,0,0,1,1]
善: [0,0,0,1,0,0,1,0,0,0,0,1,1]
必: [0,1,0,0,0,0,1,0,0,0,0,1,1]
要: [0,0,0,0,0,0,0,0,0,0,1,0,0,0,0,1,1]
設: [0,1,0,1,1,0,0,1,1]
性: [0,0,0,0,0,0,0,1,1,0,0,1,1]
去: [1,0,0,1,1,0,0,1,1]
比: [0,0,1,1,1,0,0,1,1]
粗: [0,0,0,1,0,1,1,1,1]
末: [0,1,0,0,0,1,1,1,1]
託: [0,0,0,0,0,0,0,0,0,1,1,1,1]
当: [1,0,0,0,0,1,1,1,1]
珍: [0,0,1,0,0,1,1,1,1]
消: [0,0,0,0,1,1,1,1,1]
毎: [0,0,0,0,0,0,0,0,0,0,0,0,0,0,1,1,1]
激: [1,0,0,0,0,0,0,0,0,0,1,1,1]
ロ: [0,0,1,0,0,0,0,0,0,0,1,1,1]
旅: [0,0,0,0,1,0,0,0,0,0,1,1,1]
費: [0,1,1,0,0,0,1,1,1]
節: [0,0,0,0,0,0,1,0,0,0,1,1,1]
約: [0,0,0,1,1,0,1,1,1]
換: [1,0,0,0,1,1,0,0,0,0,0,0,1]
威: [0,0,1,0,1,1,0,0,0,0,0,0,1]
苦: [0,0,0,0,0,0,0,0,0,0,0,1,0,0,0,0,0,0,0,0,1]
労: [1,0,0,0,0,0,0,1,0,0,0,0,0,0,0,0,1]
終: [0,0,1,0,0,0,0,1,0,0,0,0,0,0,0,0,1]
養: [0,0,0,0,1,0,0,1,0,0,0,0,0,0,0,0,1]
院: [0,1,1,1,0,0,0,0,0,0,0,0,1]
配: [0,0,0,0,0,0,1,1,0,0,0,0,0,0,0,0,1]
属: [1,0,1,1,0,0,0,0,0,0,0,0,1]
ズ: [0,0,1,0,0,0,0,0,0,0,0,0,0,0,0,0,0,0,0,0,1]
族: [0,0,0,0,1,0,0,0,0,0,0,0,0,0,0,0,0,0,0,0,1]
喜: [0,1,1,0,0,0,0,0,0,0,0,0,0,0,0,0,1]
好: [0,0,0,0,0,0,1,0,0,0,0,0,0,0,0,0,0,0,0,0,1]
客: [0,0,0,1,1,0,0,0,0,0,0,0,0,0,0,0,1]
余: [0,0,0,0,0,1,1,0,0,0,0,0,0,0,0,0,1]
裕: [1,1,1,0,0,0,0,0,0,0,0,0,1]
ぷ: [0,0,0,1,0,0,1,0,0,0,0,0,0,0,0,0,1]
藁: [0,1,0,0,0,0,1,0,0,0,0,0,0,0,0,0,1]
突: [0,0,0,0,0,0,0,0,0,0,1,0,0,0,0,0,0,0,0,0,1]
間: [0,1,0,1,1,0,0,0,0,0,0,0,1]
耐: [0,0,0,0,0,0,0,0,0,0,0,0,0,1,1,0,1]
完: [1,0,0,0,0,0,0,0,0,1,1,0,1]
駆: [0,0,1,0,0,0,0,0,0,1,1,0,1]
角: [0,0,0,0,1,0,0,0,0,1,1,0,1]
聳: [0,1,1,0,0,1,1,0,1]
セ: [0,0,0,0,0,0,1,0,0,1,1,0,1]
嘆: [0,0,0,1,1,1,1,0,1]
声: [0,1,0,0,1,1,1,0,1]
抑: [0,0,0,0,0,0,0,0,1,1,1,0,1]
篠: [1,0,0,0,1,1,1,0,1]
追: [0,0,1,0,1,1,1,0,1]
払: [0,1,2]
緑: [0,0,0,0,0,0,2]
幾: [1,0,2]
デ: [0,0,3]
ィ: [0,0,2,1]
ゴ: [0,0,1,1,1,0,0,0,1,1]
待: [1,0,0,1,1,0,0,0,1,1]
沛: [0,0,0,0,0,0,0,1,1,0,0,0,1,1]
然: [0,1,0,1,1,0,0,0,1,1]
砕: [0,0,0,0,0,0,0,0,0,0,1,0,0,0,0,0,1,1]
霧: [0,1,0,0,0,0,1,0,0,0,0,0,1,1]
昇: [0,0,0,1,0,0,1,0,0,0,0,0,1,1]
蒸: [1,1,1,0,0,0,0,0,1,1]
ェ: [0,0,0,0,0,1,1,0,0,0,0,0,1,1]
被: [0,0,0,1,1,0,0,0,0,0,0,0,1,1]
台: [0,0,0,0,0,0,1,0,0,0,0,0,0,0,0,0,1,1]
紗: [0,1,1,0,0,0,0,0,0,0,0,0,1,1]
幕: [0,0,0,0,1,0,0,0,0,0,0,0,0,0,0,0,1,1]
郭: [0,0,1,0,0,0,0,0,0,0,0,0,0,0,0,0,1,1]
浮: [1,0,1,1,0,0,0,0,1,1]
想: [0,0,0,0,0,0,1,1,0,0,0,0,1,1]
像: [0,1,1,1,0,0,0,0,1,1]
描: [0,0,0,0,1,0,0,1,0,0,0,0,1,1]
姿: [0,0,1,0,0,0,0,1,0,0,0,0,1,1]
遥: [1,0,0,0,0,0,0,1,0,0,0,0,1,1]
秘: [0,0,0,0,0,0,0,0,0,0,0,1,0,0,0,0,1,1]
的: [0,0,1,0,1,1,0,0,1,1]
荘: [1,0,0,0,1,1,0,0,1,1]
門: [0,0,0,0,0,0,0,0,1,1,0,0,1,1]
停: [0,0,0,0,1,0,1,1,1,1]
抜: [0,0,1,0,0,0,1,1,1,1]
板: [1,0,0,0,0,0,1,1,1,1]
御: [0,0,0,0,0,0,0,0,0,0,1,1,1,1]
開: [0,1,0,0,0,0,1,1,1,1]
届: [0,0,0,1,0,0,1,1,1,1]
帽: [1,1,1,1,1,1]
子: [0,0,0,0,0,1,1,1,1,1]
襟: [0,0,0,1,1,0,0,1,1,1]
飛: [0,0,0,0,0,0,1,0,0,0,0,1,1,1]
墓: [0,1,1,0,0,0,0,1,1,1]
急: [0,0,0,0,1,0,0,0,0,0,0,1,1,1]
服: [0,0,1,0,0,0,0,0,0,0,0,1,1,1]
撥: [0,0,1,0,1,1,1,0,0,1]
扉: [1,0,0,0,1,1,1,0,0,1]
戸: [0,0,0,0,0,0,0,0,1,1,1,0,0,1]
革: [0,1,0,0,1,1,1,0,0,1]
帳: [0,0,0,1,1,1,1,0,0,1]
《: [0,0,0,0,0,0,1,0,0,1,1,0,0,1]
》: [0,1,1,0,0,1,1,0,0,1]
押: [0,0,0,0,1,0,0,0,0,1,1,0,0,1]
雲: [0,0,1,0,0,0,0,0,0,1,1,0,0,1]
閉: [1,0,0,0,0,0,0,0,0,1,1,0,0,1]
薄: [0,0,0,0,0,0,0,0,0,0,0,0,0,1,1,0,0,1]
歌: [0,1,0,1,1,0,0,0,0,0,0,0,0,1]
席: [0,0,0,0,0,0,0,0,0,0,1,0,0,0,0,0,0,0,0,0,0,1]
男: [0,1,0,0,0,0,1,0,0,0,0,0,0,0,0,0,0,1]
返: [0,0,0,1,0,0,1,0,0,0,0,0,0,0,0,0,0,1]
領: [1,1,1,0,0,0,0,0,0,0,0,0,0,1]
袖: [0,0,0,0,0,1,1,0,0,0,0,0,0,0,0,0,0,1]
首: [0,0,0,1,1,0,0,0,0,0,0,0,0,0,0,0,0,1]
巻: [0,0,0,0,0,0,1,0,0,0,0,0,0,0,0,0,0,0,0,0,0,1]
挨: [0,1,1,0,0,0,0,0,0,0,0,0,0,0,0,0,0,1]
拶: [0,0,0,0,1,0,0,0,0,0,0,0,0,0,0,0,0,0,0,0,0,1]
彩: [0,0,1,0,0,0,0,0,0,0,0,0,0,0,0,0,0,0,0,0,0,1]
使: [1,0,1,1,0,0,0,0,0,0,0,0,0,1]
同: [0,0,0,0,0,0,1,1,0,0,0,0,0,0,0,0,0,1]
己: [0,1,1,1,0,0,0,0,0,0,0,0,0,1]
申: [0,0,0,0,1,0,0,1,0,0,0,0,0,0,0,0,0,1]
聞: [0,0,1,0,0,0,0,1,0,0,0,0,0,0,0,0,0,1]
別: [1,0,0,0,0,0,0,1,0,0,0,0,0,0,0,0,0,1]
付: [0,0,0,0,0,0,0,0,0,0,0,1,0,0,0,0,0,0,0,0,0,1]
泊: [0,0,1,2]
業: [1,0,0,2]
誇: [0,0,0,0,0,0,0,2]
回: [0,1,0,2]
短: [0,0,0,3]
敬: [0,0,0,2,1]
調: [0,0,0,0,1,0,1,1,0,1,1]
相: [0,0,0,0,0,0,0,0,1,1,0,0,0,1,1]
扱: [1,0,0,0,1,1,0,0,0,1,1]
貶: [0,0,1,0,1,1,0,0,0,1,1]
疑: [0,0,0,0,0,0,0,0,0,0,0,1,0,0,0,0,0,1,1]
問: [1,0,0,0,0,0,0,1,0,0,0,0,0,1,1]
ャ: [0,0,1,0,0,0,0,1,0,0,0,0,0,1,1]
礼: [0,0,0,0,1,0,0,1,0,0,0,0,0,1,1]
拝: [0,1,1,1,0,0,0,0,0,1,1]
演: [0,0,0,0,0,0,1,1,0,0,0,0,0,1,1]
ニ: [1,0,1,1,0,0,0,0,0,1,1]
優: [0,0,1,0,0,0,0,0,0,0,0,0,0,0,0,0,0,1,1]
秀: [0,0,0,0,1,0,0,0,0,0,0,0,0,0,0,0,0,1,1]
売: [0,1,1,0,0,0,0,0,0,0,0,0,0,1,1]
管: [0,0,0,0,0,0,1,0,0,0,0,0,0,0,0,0,0,1,1]
理: [0,0,0,1,1,0,0,0,0,0,0,0,0,1,1]
伝: [0,0,0,0,0,1,1,0,0,0,0,0,0,1,1]
受: [1,1,1,0,0,0,0,0,0,1,1]
肩: [0,0,0,1,0,0,1,0,0,0,0,0,0,1,1]
態: [0,1,0,0,0,0,1,0,0,0,0,0,0,1,1]
侮: [0,0,0,0,0,0,0,0,0,0,1,0,0,0,0,0,0,1,1]
蔑: [0,1,0,1,1,0,0,0,0,1,1]
万: [0,0,0,0,0,0,0,1,1,0,0,0,0,1,1]
逆: [1,0,0,1,1,0,0,0,0,1,1]
充: [0,0,1,1,1,0,0,0,0,1,1]
認: [0,0,0,0,0,1,0,1,1,1,1]
識: [1,1,0,1,1,1,1]
恭: [0,0,0,1,0,0,0,1,1,1,1]
揖: [0,1,0,0,0,0,0,1,1,1,1]
丁: [0,0,0,0,0,0,0,0,0,0,0,1,1,1,1]
寧: [1,0,0,0,0,0,0,1,1,1,1]
謙: [0,0,1,0,0,0,0,1,1,1,1]
虚: [0,0,0,0,1,0,0,1,1,1,1]
惜: [0,1,1,1,1,1,1]
護: [0,0,0,0,0,0,1,1,1,1,1]
務: [1,0,1,1,1,1,1]
料: [0,0,1,0,0,0,0,0,0,0,0,0,1,1,1]
機: [0,0,0,0,1,0,0,0,0,0,0,0,1,1,1]
嫌: [0,1,1,0,0,0,0,0,1,1,1]
徴: [0,0,0,0,0,0,1,0,0,0,0,0,1,1,1]
摘: [0,0,0,1,1,0,0,0,1,1,1]
折: [0,0,0,0,0,1,1,0,1,1,1]
快: [1,1,1,0,1,1,1]
褒: [0,0,0,1,0,0,1,0,1,1,1]
逃: [0,1,0,0,0,0,1,0,1,1,1]
観: [0,0,0,0,0,0,0,0,0,0,1,0,1,1,1]
念: [0,0,0,0,0,0,0,0,0,0,0,1,0,0,0,0,0,0,0,0,0,0,1]
傘: [1,0,0,0,0,0,0,1,0,0,0,0,0,0,0,0,0,0,1]
独: [0,0,1,0,0,0,0,1,0,0,0,0,0,0,0,0,0,0,1]
雰: [0,0,0,0,1,0,0,1,0,0,0,0,0,0,0,0,0,0,1]
囲: [0,1,1,1,0,0,0,0,0,0,0,0,0,0,1]
醸: [0,0,0,0,0,0,1,1,0,0,0,0,0,0,0,0,0,0,1]
冷: [1,0,1,1,0,0,0,0,0,0,0,0,0,0,1]
漏: [0,0,1,0,0,0,0,0,0,0,0,0,0,0,0,0,0,0,0,0,0,0,1]
雄: [0,0,0,0,1,0,0,0,0,0,0,0,0,0,0,0,0,0,0,0,0,0,1]
弁: [0,1,1,0,0,0,0,0,0,0,0,0,0,0,0,0,0,0,1]
案: [0,0,0,0,0,0,1,0,0,0,0,0,0,0,0,0,0,0,0,0,0,0,1]
千: [0,0,0,1,2]
百: [0,1,0,0,2]
五: [0,0,0,0,0,0,0,0,2]
経: [1,0,0,0,2]
験: [0,0,1,0,2]
脇: [0,0,0,0,3]
尋: [3,1]
導: [0,0,0,0,2,1]
夫: [0,1,0,1,1,0,0,0,0,0,1,1]
答: [0,0,0,0,0,0,0,0,0,0,1,0,0,0,0,0,0,0,1,1]
眉: [0,1,0,0,0,0,1,0,0,0,0,0,0,0,1,1]
毛: [0,0,0,1,0,0,1,0,0,0,0,0,0,0,1,1]
崇: [1,1,1,0,0,0,0,0,0,0,1,1]
高: [0,0,0,0,0,1,1,0,0,0,0,0,0,0,1,1]
簡: [0,0,0,1,1,0,0,0,0,0,0,0,0,0,1,1]
ケ: [0,0,0,0,0,0,1,0,0,0,0,0,0,0,0,0,0,0,1,1]
吟: [0,1,1,0,0,0,0,0,0,0,0,0,0,0,1,1]
値: [0,0,0,0,1,0,0,0,0,0,0,0,0,0,0,0,0,0,1,1]
軽: [0,0,1,0,0,0,0,0,0,0,0,0,0,0,0,0,0,0,1,1]
岩: [1,0,1,1,0,0,0,0,0,0,1,1]
頑: [0,0,0,0,0,0,1,1,0,0,0,0,0,0,1,1]
架: [0,1,1,1,0,0,0,0,0,0,1,1]
構: [0,0,0,0,1,0,0,1,0,0,0,0,0,0,1,1]
莫: [0,0,1,0,0,0,0,1,0,0,0,0,0,0,1,1]
抱: [1,0,0,0,0,0,0,1,0,0,0,0,0,0,1,1]
亀: [0,0,0,0,0,0,0,0,0,0,0,1,0,0,0,0,0,0,1,1]
裂: [0,0,1,0,1,1,0,0,0,0,1,1]
煉: [1,0,0,0,1,1,0,0,0,0,1,1]
瓦: [0,0,0,0,0,0,0,0,1,1,0,0,0,0,1,1]
詰: [0,0,0,0,1,0,1,1,0,0,1,1]
跡: [0,0,0,0,0,0,1,0,1,1,1,1]
筋: [0,1,1,0,1,1,1,1]
枠: [0,0,0,0,1,0,0,0,1,1,1,1]
割: [0,0,1,0,0,0,0,0,1,1,1,1]
稲: [1,0,0,0,0,0,0,0,1,1,1,1]
妻: [0,0,0,0,0,0,0,0,0,0,0,0,1,1,1,1]
刻: [0,1,0,0,0,0,0,0,1,1,1,1]
印: [0,0,0,0,1,2]
諺: [0,0,1,0,0,2]
半: [1,0,0,0,0,2]
円: [0,0,0,0,0,0,0,0,0,2]
形: [0,1,0,0,0,2]
背: [0,0,0,1,0,2]
載: [1,3]
！: [0,0,0,0,0,3]
胆: [0,0,0,0,0,1,2]
連: [1,1,2]
応: [0,0,0,1,0,0,2]
ぜ: [0,1,0,0,0,0,2]
定: [0,0,0,0,0,0,0,0,0,0,2]
関: [1,0,0,0,0,0,2]
天: [0,0,1,0,0,0,2]
登: [0,0,0,0,1,0,2]
ギ: [0,1,3]
ペ: [0,0,0,0,0,0,3]
拭: [1,0,3]