30 10
0 1 0 1 0 0 0 0 1 0 0 0 0 0 1 1 0 0 0 1 0 1 0 1 1 0 0 0 0 
0 1 1 1 1 1 1 0 0 1 0 1 0 1 1 0 1 1 1 0 0 1 0 1 0 1 0 0 0 
0 0 1 1 0 1 1 1 0 1 1 1 1 0 1 0 0 1 1 0 0 0 1 0 0 1 1 0 1 
0 0 1 1 1 1 1 0 1 0 1 0 1 1 0 1 0 0 1 0 1 0 1 1 1 0 0 0 0 
1 1 1 1 0 1 0 0 1 1 1 1 1 1 0 1 1 0 0 1 1 1 0 0 1 1 0 1 0 
0 0 0 0 0 0 1 1 1 0 1 0 1 0 1 1 0 1 1 0 1 1 1 0 0 0 0 0 0 
1 0 1 1 1 1 1 1 0 0 0 0 0 0 1 1 1 1 1 1 1 1 0 0 1 0 0 0 1 
1 1 0 1 1 1 0 1 0 1 0 1 1 0 1 0 1 0 0 0 1 1 0 1 0 0 1 0 1 
1 1 0 1 1 0 1 0 0 0 1 0 1 1 0 0 0 0 1 0 0 0 1 0 1 1 1 1 0 
1 1 0 0 1 0 0 0 0 0 1 0 0 1 1 1 1 1 1 0 1 0 0 0 0 0 0 0 0 
1 0 0 0 0 0 1 1 1 1 1 1 1 0 1 0 0 1 0 0 0 1 0 1 0 0 1 0 1 1 
1 0 0 0 1 0 0 1 1 0 0 1 0 0 0 1 1 0 0 1 0 1 0 1 1 0 0 1 1 0 
1 1 1 0 0 0 0 0 0 0 0 0 1 0 0 0 1 0 1 1 0 1 0 0 0 0 1 0 1 1 
0 0 1 0 1 0 0 0 1 0 0 0 0 0 0 1 1 0 1 0 0 0 0 1 0 0 0 1 1 0 
0 1 0 0 1 0 0 1 1 1 0 1 0 0 1 0 0 0 0 1 0 1 0 1 1 1 1 1 1 0 
0 1 0 0 0 0 0 0 0 1 1 1 0 1 0 1 0 1 1 1 0 0 0 1 1 1 1 0 1 0 
0 0 0 1 0 1 0 0 1 0 1 1 0 0 1 0 1 0 0 0 1 0 0 1 1 0 1 0 1 0 
0 0 0 1 0 0 0 0 0 1 0 0 1 0 0 0 1 0 1 1 1 0 0 1 1 0 0 1 1 1 
0 0 1 1 0 1 0 1 1 1 1 1 0 1 0 0 0 0 0 0 1 1 1 1 0 0 1 0 0 1 
6
1 4
21 4
25 4
1 9
14 9
18 9
0 0 0 0 1 1 1 1 1 1 1 0 0 0 0 1 0 1 0 0 0 1 1 1 0 0 0 0 1 
1 0 0 1 1 0 1 0 0 1 0 0 1 0 1 0 1 0 0 0 0 0 1 1 1 0 0 1 0 
1 0 1 0 0 0 1 0 1 0 1 0 0 0 0 1 1 1 0 1 1 0 0 1 0 1 1 0 0 
0 1 0 0 0 0 0 0 0 0 1 0 1 1 0 0 1 0 0 1 0 0 0 1 1 0 0 0 0 
1 0 1 1 0 1 0 0 0 0 0 0 0 0 1 0 1 0 1 1 0 0 0 0 0 1 0 1 1 
1 0 0 0 0 1 0 0 0 1 1 0 1 1 1 0 0 1 0 1 1 1 1 0 0 1 1 1 0 
0 0 1 0 0 1 0 0 1 1 0 1 0 1 0 1 1 1 0 0 1 0 0 1 0 1 0 0 1 
0 0 0 1 0 0 1 0 1 1 0 0 1 0 0 1 0 0 0 1 0 0 1 0 1 1 0 1 0 
0 0 0 1 0 1 1 0 1 1 1 0 0 1 1 0 1 0 1 1 0 0 1 0 0 0 1 0 0 
0 1 0 0 1 0 0 1 0 0 0 0 0 0 0 0 0 0 1 1 0 1 0 0 0 1 0 0 0 
1 1 1 0 0 0 0 0 0 0 0 0 1 0 1 1 0 0 1 1 0 1 0 0 1 1 0 1 0 0 
0 0 1 1 0 0 1 0 1 0 1 0 1 1 1 1 1 1 0 1 0 0 1 0 0 1 1 1 0 1 
0 0 1 1 1 0 1 1 0 1 1 0 1 0 1 0 0 0 1 0 1 1 0 1 0 1 0 1 1 0 
0 0 1 1 0 1 1 1 1 1 1 1 1 1 0 1 1 0 1 0 0 1 1 1 0 0 1 0 0 1 
0 1 1 0 1 1 1 0 1 1 1 1 1 0 0 0 1 1 1 0 0 1 0 0 1 1 0 0 0 0 
0 1 0 1 1 1 1 0 1 0 0 1 0 0 0 1 1 0 1 0 1 0 1 1 0 1 1 1 1 0 
1 1 0 0 0 1 0 0 1 0 0 1 0 1 1 1 0 0 0 1 0 0 1 0 1 1 1 0 1 0 
1 1 1 0 1 0 0 1 0 1 0 1 1 1 1 0 0 0 1 0 1 0 1 0 1 0 0 1 1 0 
1 0 1 1 0 1 1 0 1 0 0 1 1 0 0 1 0 1 1 0 1 0 0 1 1 1 1 1 0 1 
7
15 1
25 1
2 2
10 5
14 8
26 9
10 10
0 0 1 0 1 0 0 0 0 0 1 1 0 1 0 1 0 0 0 1 0 0 0 0 0 0 0 0 0 
0 1 1 1 0 1 0 0 1 0 0 1 0 1 1 0 1 0 1 0 0 0 1 1 1 0 0 0 1 
0 0 0 0 0 1 1 0 1 1 1 0 1 0 0 1 0 1 0 1 0 0 1 0 0 1 1 0 1 
0 0 1 1 0 0 0 0 1 0 0 1 1 1 0 0 1 0 0 1 1 1 0 0 0 1 1 0 0 
1 0 0 0 0 0 1 0 1 0 1 0 0 1 0 1 0 0 1 0 1 0 0 1 1 0 0 1 1 
0 1 1 0 1 0 0 0 1 1 1 1 1 1 0 0 0 1 1 0 0 1 1 0 0 1 1 0 1 
0 1 1 1 1 1 1 0 1 0 0 1 0 1 0 1 0 0 0 1 1 0 0 0 0 0 0 1 1 
0 0 0 0 0 0 1 0 1 1 1 0 0 1 0 1 0 0 0 0 0 1 0 1 1 1 1 1 0 
1 0 0 0 1 1 1 1 0 0 0 1 1 1 1 0 0 0 0 1 0 0 0 0 0 0 0 1 1 
0 1 1 1 1 0 0 0 1 1 0 0 0 1 0 0 0 1 1 0 0 1 1 0 1 0 1 1 1 
0 1 0 0 1 0 1 1 0 1 1 1 0 0 1 0 1 1 0 0 0 1 0 1 0 1 1 0 0 1 
1 1 0 0 1 0 1 0 1 1 0 1 1 0 1 0 1 1 0 0 1 0 0 0 1 0 1 1 1 1 
1 1 1 1 1 1 0 1 0 0 1 1 1 0 1 0 1 0 0 0 1 1 1 1 0 0 0 0 1 0 
0 1 0 0 1 1 1 1 0 1 1 0 0 0 0 0 1 1 1 0 0 1 0 0 1 1 0 0 0 0 
0 1 0 1 0 1 0 0 1 0 0 0 0 0 1 0 0 1 0 0 0 1 0 0 0 0 1 1 1 0 
0 1 1 1 1 0 0 0 1 1 1 1 1 0 1 0 1 1 0 1 0 0 1 1 1 1 1 0 1 0 
1 0 0 0 0 1 1 1 1 0 0 1 0 0 0 0 0 1 0 0 1 1 1 1 0 1 1 0 1 0 
0 1 0 1 1 0 1 0 0 0 1 1 1 0 1 1 1 1 1 1 0 1 0 0 1 0 0 0 0 0 
0 1 0 0 0 0 0 0 1 0 0 0 0 0 1 0 1 1 0 0 0 1 0 1 0 0 1 0 0 0 
10
0 2
9 5
3 9
10 6
15 6
19 2
27 9
12 7
25 9
29 2
0 0 1 0 1 0 0 0 0 0 1 1 0 1 0 1 0 0 0 1 0 0 0 0 0 0 0 0 0 
0 1 1 1 0 1 0 1 1 0 0 1 0 1 1 0 1 0 1 0 0 0 1 1 1 0 0 0 1 
0 1 1 1 1 1 1 0 1 0 0 1 0 1 0 1 0 0 0 1 1 0 0 0 0 0 0 1 1 
0 0 0 0 0 0 1 0 1 1 1 0 0 0 1 1 0 1 0 0 0 1 0 1 1 1 1 1 0 
1 0 0 0 1 1 1 1 0 0 0 1 1 1 1 0 0 0 0 1 0 0 0 0 0 0 0 1 1 
0 1 1 1 1 0 0 0 1 1 0 0 0 1 0 0 0 1 1 0 0 1 1 0 1 0 1 1 1 
0 0 0 0 0 1 1 0 1 1 1 0 1 0 0 1 0 1 0 1 0 0 1 0 0 1 1 0 1 
0 0 1 1 0 0 1 0 0 0 0 1 1 1 1 0 1 0 0 1 1 1 0 0 1 1 1 0 0 
1 0 0 0 0 0 1 0 1 0 1 0 0 1 0 1 0 0 1 0 1 0 0 1 1 0 0 1 1 
0 1 1 0 1 0 0 0 1 1 1 1 1 1 0 0 0 1 1 0 0 1 1 0 0 1 1 0 1 
0 1 1 1 1 0 0 0 0 1 1 1 1 0 1 0 1 1 0 1 0 0 1 1 1 1 1 0 1 0 
1 0 0 0 0 1 1 1 1 0 0 1 0 0 0 0 0 1 0 0 1 1 1 1 0 1 1 0 1 0 
0 1 0 1 1 0 1 0 0 0 1 1 1 0 1 1 1 0 1 1 0 1 0 0 0 0 0 0 0 0 
0 1 0 0 0 0 0 0 1 0 0 0 0 0 1 0 1 1 0 0 0 1 0 1 0 0 1 0 0 0 
0 1 0 0 1 0 1 1 0 1 1 1 0 0 1 0 1 1 0 0 0 1 0 1 0 1 1 0 0 1 
1 1 0 0 1 0 1 0 1 1 0 1 1 0 0 0 1 1 0 0 1 0 0 0 1 0 1 1 1 1 
1 1 1 1 1 1 0 1 0 0 1 1 1 0 1 0 1 0 0 0 1 1 1 1 0 0 0 0 1 0 
0 1 0 0 1 1 0 1 0 1 1 0 0 1 0 0 1 1 1 0 0 1 0 0 1 1 0 0 0 0 
0 1 0 1 0 1 0 0 1 0 0 0 0 0 1 0 0 1 0 0 0 1 0 0 0 0 1 1 1 0 
6
1 4
21 4
25 4
1 9
14 9
18 9
1 0 0 0 0 0 1 0 1 0 0 0 0 1 0 1 0 0 1 0 1 0 0 1 1 0 0 1 1 
0 1 1 0 1 0 0 0 0 0 1 1 1 1 0 0 0 1 1 0 0 1 1 0 0 1 1 0 1 
0 1 1 1 1 1 1 0 1 0 0 1 0 1 0 1 0 0 0 1 1 0 0 0 0 0 0 1 1 
0 1 0 0 0 0 1 0 1 1 1 0 0 1 1 0 0 1 0 0 0 1 0 1 1 1 1 1 0 
0 0 1 0 1 0 0 0 0 0 1 1 0 1 0 1 0 0 0 1 0 0 0 0 0 0 0 0 0 
0 1 1 1 0 1 0 1 1 0 0 1 0 1 1 0 1 0 1 1 0 0 1 1 1 0 0 0 1 
1 0 0 0 0 1 1 0 1 1 1 0 1 1 0 1 0 1 0 1 0 0 1 0 0 1 1 0 0 
0 0 1 1 0 0 1 0 0 0 0 1 1 1 1 0 1 0 0 1 1 1 0 0 1 1 1 0 0 
1 0 0 0 1 1 1 1 0 0 0 1 1 1 1 0 0 0 0 1 0 0 0 0 0 0 0 1 1 
0 1 1 1 1 0 0 0 1 1 0 0 0 0 0 0 0 1 1 0 0 1 1 0 1 0 1 1 1 
0 1 0 1 1 0 0 0 0 0 1 0 1 0 1 0 1 1 0 1 0 0 1 1 1 1 1 0 1 0 
1 0 0 0 0 1 1 1 1 0 0 1 0 0 0 0 0 1 0 0 1 1 1 1 0 1 1 0 0 0 
0 1 0 0 1 0 1 0 1 1 0 1 1 0 0 0 1 1 0 0 1 0 0 0 1 0 1 1 1 1 
1 0 1 1 1 1 0 1 0 0 1 0 1 0 1 0 1 1 1 0 1 1 1 1 0 0 0 0 1 0 
0 1 0 0 1 1 0 1 0 1 1 0 0 1 0 0 1 1 1 0 0 1 0 0 1 1 0 0 0 1 
0 1 0 1 0 1 0 0 1 1 0 0 0 0 1 0 0 1 0 0 0 1 1 0 0 0 1 1 1 0 
0 1 0 1 1 0 1 0 0 0 1 1 1 0 1 1 1 0 1 1 1 1 0 0 0 0 0 0 0 0 
0 1 0 0 0 0 0 0 1 0 0 0 0 0 1 0 1 1 0 0 0 1 0 1 1 0 1 0 0 0 
0 1 0 0 1 0 1 1 0 1 1 1 0 0 1 0 1 1 0 0 1 1 0 1 0 1 1 0 0 0 
6
2 4
25 7
24 4
1 9
23 7
18 9
1 0 0 0 1 1 1 1 0 0 0 1 1 1 1 0 0 0 0 1 0 0 0 0 0 0 0 1 1 
0 1 1 1 1 0 0 0 1 1 0 0 0 0 0 0 0 1 1 0 0 1 1 0 1 0 1 1 1 
0 1 1 1 1 1 1 0 1 0 0 1 0 1 0 1 0 0 0 1 1 0 0 0 0 0 0 1 1 
0 1 1 0 1 0 0 0 0 0 1 1 1 1 0 0 0 1 1 0 0 1 1 0 0 1 1 0 1 
1 0 0 0 0 0 1 0 1 0 0 0 0 1 0 1 0 0 1 0 1 0 0 1 1 0 0 1 1 
0 1 1 1 0 1 0 1 1 0 0 1 0 1 1 0 1 0 1 1 0 0 1 1 1 0 0 0 1 
1 0 0 0 0 1 1 0 1 1 1 0 1 1 0 1 0 1 0 1 0 0 1 0 0 1 1 0 0 
0 0 1 1 0 0 1 0 0 0 0 1 1 1 1 0 1 0 0 1 1 1 0 0 1 1 1 0 0 
0 1 0 0 0 0 1 0 1 1 1 0 0 1 1 0 0 1 0 0 0 1 0 1 1 1 1 1 0 
0 0 1 0 1 0 0 0 0 0 1 1 0 1 0 1 0 0 0 1 0 0 0 0 0 0 0 0 0 
0 1 0 0 1 0 1 0 1 1 0 1 1 0 0 0 1 1 0 0 1 0 0 0 1 0 1 1 1 1 
1 0 1 1 1 1 0 1 0 0 1 0 1 0 1 0 1 1 1 0 1 1 1 1 0 0 0 0 1 0 
0 1 0 0 0 0 0 0 1 0 0 0 0 0 1 0 1 1 0 0 0 1 0 1 1 0 1 0 0 0 
0 1 0 0 1 0 1 1 0 1 1 1 0 0 1 0 1 1 0 0 1 1 0 1 0 1 1 0 0 0 
0 1 0 0 1 1 0 1 0 1 1 0 0 1 0 0 1 1 1 0 0 1 0 0 1 1 0 0 0 1 
1 0 0 0 0 1 1 1 1 0 0 1 0 0 0 0 0 1 0 0 1 1 1 1 0 1 1 0 0 0 
0 1 0 1 0 1 0 0 1 1 0 0 0 0 1 0 0 1 0 0 0 1 1 0 0 0 1 1 1 0 
0 1 0 1 1 0 1 0 0 0 1 1 1 0 1 1 1 0 1 1 1 1 0 0 0 0 0 0 0 0 
0 1 0 1 1 0 0 0 0 0 1 0 1 0 1 0 1 1 0 1 0 0 1 1 1 1 1 0 1 0 
0