22
895 7035 1265 7046
1265 7046 3489 7063
3489 7063 5265 7071
5265 7071 7171 7084
1265 7046 1261 7629
1261 7629 1267 8258
1261 7629 2760 8315
1261 7629 2783 7223
3489 7063 3509 8332
5265 7071 5248 7377
5248 7377 5225 8453
5225 8453 5780 8430
5780 8430 6043 8418
6043 8418 6357 8332
6357 8332 6535 8224
6535 8224 6689 7972
6689 7972 6672 7726
6672 7726 6632 7509
6632 7509 6603 7360
6603 7360 6003 7326
6003 7326 5751 7309
5751 7309 5248 7377
1
374
2081 2430
2001 2422
1969 2417
1886 2403
1820 2396
1758 2381
1672 2372
1598 2355
1549 2339
1494 2322
1458 2303
1420 2267
1416 2232
1434 2211
1477 2174
1516 2122
1558 2075
1633 1986
1663 1932
1871 1730
1912 1687
1953 1629
2011 1568
2060 1514
2070 1451
2066 1420
2048 1393
2033 644
2040 605
2067 591
2080 564
2055 490
2042 429
2012 349
2000 300
5647 344
5685 482
5709 653
5747 883
5781 1072
5761 1144
5901 1313
6028 1436
6228 1615
6424 1803
6492 1866
6445 1915
6420 1959
6286 2020
6147 2051
6044 2091
5934 2118
5882 2143
5850 2150
5856 2240
5867 2317
5870 2396
5878 2481
5867 2574
5857 2685
5362 2771
5068 2768
4954 2784
4873 2788
4767 2800
4669 2824
4552 2839
4449 2865
4326 2888
4264 2928
4232 2941
4249 2962
4256 3000
4284 3014
4284 3073
4283 3112
4303 3159
4339 3193
4396 3239
4459 3271
4529 3295
4585 3308
4637 3313
4691 3311
4733 3308
4726 3274
4575 3274
4555 3226
4536 3184
4518 3148
4505 3106
4493 3070
4490 3046
4489 3023
4489 2998
4486 2962
4487 2934
4518 2924
4546 2920
4573 2917
4600 2917
4730 2888
4755 2885
4794 2884
4843 2876
4872 2869
4923 2860
4968 2856
4999 2859
5015 2928
5027 2983
5020 3026
5018 3067
5019 3099
5016 3147
5000 3200
4931 3233
4869 3249
4779 3264
4730 3272
4737 3309
4757 3307
4776 3304
4795 3300
4800 3300
4820 3292
4844 3287
4874 3282
4905 3272
4920 3268
4940 3260
4951 3257
4978 3246
5000 3240
5016 3228
5044 3209
5083 3185
5114 3159
5127 3146
5138 3132
5153 3116
5169 3098
5183 3081
5194 3057
5206 3023
5217 3003
5226 2974
5232 2942
5238 2915
5238 2892
5269 2882
5295 2861
5300 2850
5323 2829
5350 2800
5361 2773
5856 2686
5843 2738
5831 2779
5824 2824
5914 2825
5959 2826
5994 2838
6043 2873
6100 2950
6137 3070
6135 3168
6131 3244
6116 3343
6102 3419
6046 3538
5987 3668
5905 3729
5818 3763
5707 3797
5668 3998
5655 4135
5623 4306
5581 4372
5628 4474
5800 4600
6100 4873
6321 5116
6370 5279
6368 5478
6270 5589
6050 5821
5942 5970
5880 6053
5874 6392
6029 7008
2800 7000
2800 6400
2785 6148
2765 6008
2710 5939
2643 5967
2655 6023
2618 6103
2596 6145
2587 6259
2620 6312
2669 6388
2795 6391
2783 7002
1935 6976
1878 6922
1832 6850
1785 6768
1758 6691
1742 6603
1720 6473
1725 6366
1756 6175
1792 6051
1910 5729
2000 5600
2073 5476
2140 5432
1990 5340
1931 5269
2047 5128
2133 5042
2207 4964
2272 4906
2291 4876
2251 4536
2236 4345
2232 4040
2244 3953
2622 4042
2621 4156
2633 4213
2642 4291
2670 4397
2686 4476
2705 4510
2780 4368
2824 4298
3000 4377
3284 4487
3395 4538
3510 4557
3324 4471
3185 4395
3059 4324
2972 4241
2856 4127
2738 4023
2626 4030
2231 3944
2177 3847
2131 3775
2086 3618
2065 3551
2042 3463
2050 3395
2067 3238
2100 3200
2132 3134
2200 3100
2529 3022
2557 3072
2619 3101
2641 3106
2648 3170
2693 3240
2761 3325
2842 3375
2953 3418
3489 3970
3471 3995
3473 4022
3506 4046
3538 4065
3572 4080
3618 4084
3767 4080
3799 4063
3835 4048
3870 4033
3894 4022
3921 4015
3936 4005
3973 4023
4019 4034
4100 4050
4190 4063
4235 4061
4279 4052
4319 4044
4356 4031
4395 4016
4435 3986
4463 3949
4467 3924
4467 3902
4453 3894
4439 3893
4424 3907
4414 3931
4399 3956
4373 3977
4341 3990
4312 4002
4279 4005
4204 4005
4149 4004
4106 3997
4054 3993
3995 3976
3960 3960
3941 3946
3906 3970
3853 3987
3807 4007
3758 4030
3570 4028
3545 4018
3528 4007
3528 3987
3515 3971
3489 3970
2953 3418
3018 3429
3087 3433
3153 3423
3256 3411
3247 3387
3091 3399
3063 3346
3038 3287
3016 3235
3010 3168
3002 3079
3005 3031
3105 3018
3372 3025
3422 3033
3483 3050
3484 3172
3479 3205
3462 3242
3443 3270
3419 3295
3388 3319
3319 3358
3256 3384
3266 3409
3341 3379
3392 3349
3450 3300
3492 3234
3509 3192
3509 3111
3508 3053
3525 3046
3522 2999
3465 2970
3401 2964
3300 2950
3243 2948
3065 2938
2900 2950
2684 2979
2544 3013
2528 3019
2200 3095
2184 3017
2166 2922
2139 2822
2127 2713
2112 2613
2102 2537
