2
14399835 48004016 2479172 47956323
14399835 48004016 46717939 48049010
1
246
11475638 47764939
11898181 46038549
12248288 44988228
12525959 44457031
12550104 43153185
12658758 42066645
12791557 41233632
12984720 39893567
13298609 38915682
11584292 38577648
10328735 38251686
9507795 37925724
9157688 37491108
8771363 37032347
8143584 36428715
7841768 35680210
7733114 35016214
7805550 34617816
7552024 33941747
7370934 33458841
7395080 33036298
7636533 32493028
7769332 31660015
7998712 31092600
8348820 30971874
8602345 30730421
10570188 29969843
10473607 29462792
10485680 28943667
10751278 28714287
10855583 29274623
10843625 29579540
10927328 29908372
11806206 29705094
12667148 29621392
13537366 29728711
14021102 30043955
14450486 30516821
14733119 31092956
14957213 31763584
15080974 32853973
15091844 33729046
14961399 33859492
15195114 34152995
15553840 34555202
15820166 35120467
16298467 35006327
17457213 35263584
21957213 36763584
22690413 37019198
23063864 37250382
24957213 35263584
25055605 35045241
25086552 32965599
25371265 32649939
25594084 32489014
25829282 32377605
26361571 32371415
26869102 32464256
27389013 32736590
27562316 32637560
28465970 30601244
28459781 29963735
28088416 28224510
27957213 28263584
27824663 28371510
27628363 28233373
27631998 27989816
27697432 27717177
27743834 27493238
27792183 27215232
27786140 27070186
27399349 26943270
27538352 26302648
27641093 25057666
27672299 24605384
27377706 24317642
26904986 24002495
26781667 23707901
26288394 23365351
26144523 22913184
26096566 22645994
25192232 22228082
24903266 21932146
24865897 21770213
25239589 21365380
25476260 20997917
25638193 20487205
25582139 19945352
25389065 19478237
25376609 19845701
24591857 18905244
25152394 20107285
25027830 20144654
24149655 19272707
23957213 19263584
23713681 18936385
23663856 19154371
23520607 19148143
23364902 19241566
22854190 17939874
23053493 18948841
22555237 17989699
22511640 18500411
22374619 18699713
22318566 17622236
22218915 17410477
22200230 16881080
22056982 16526073
21963559 16924678
21882592 16725376
21957213 16263584
21807854 16245805
21284685 16756517
21228632 16669322
21720659 15884569
21906674 15200605
22006873 14406166
22021187 13511528
22278843 12602576
22887197 11364397
23796149 10162003
24576274 9267365
25499540 8472926
26580263 7800159
26880862 7671331
27310288 7227590
27038318 6776693
26837919 6189810
26723405 5717441
26694777 4958788
26723405 4364748
26888019 3956793
27188617 3405696
27861385 3054998
28634352 2818814
29271334 2532530
29772332 2718614
30588242 2990584
32284476 4243078
32771159 4672504
33572754 4808489
34059437 5008888
34457213 5263584
35190260 4973102
35957213 4763584
36786294 4787017
37881331 5073302
38969211 5960783
39756493 6798164
40552231 7867078
41043295 8873159
41198998 10058898
41558312 11148819
42493444 13258251
43130824 15781216
43608860 19127464
43794762 23429783
43835451 25067819
44032850 25699497
43769651 25594218
43782811 26870733
31650751 26229508
31354353 25562611
31085741 25034651
30854180 24747514
30548518 24627102
30437369 25071701
30400319 25933109
30326219 26924193
30289170 27415103
30733768 27007555
31196891 26572219
31647860 26234732
43780484 26876406
43798127 28366375
43901303 30993504
44006232 31413218
43880318 31511151
42866011 30049149
42893991 30671724
43019905 31406222
43096853 31762979
42957213 31763584
42761082 31357256
41970622 29412584
41431990 28545177
41424995 28880947
41494947 29447560
41599875 29972202
41746775 30601772
41718794 30797638
41515933 30398910
41124200 29188737
40795425 28279358
40662516 28391282
40648525 28762029
40466650 29692393
40312755 30112106
40347731 31182375
40466650 31881897
40788430 32777286
41292086 33574741
41550909 33889526
41550909 34183325
41457213 34263584
41187157 34302244
40957213 34263584
40816411 34022435
40620544 33616712
40564583 33155028
40466650 32931181
40438669 33924502
40550592 34393182
40754068 35551456
40987059 36403080
40866546 36676242
41099538 36981541
41380734 38379489
41212016 38620514
41485179 39022223
41814580 41054872
41927059 41384273
42232358 41295897
44289109 40460342
44666715 40371966
45341587 40492479
45711159 40476411
45580567 40749169
44806308 41407288
45157213 41463584
44999873 41668600
44162706 42012177
42667421 42288007
42435143 42515445
42357717 43831684
42410948 44417216
42894859 45496338
43514265 46667404
43957213 47663584
44143350 47775561
26521870 47783598
26652994 47007781
26729483 45182974
26478162 46636264
26248695 47783598
