26
237596 844487 300000 900000
300000 900000 397008 885132
397008 885132 507857 884076
507857 884076 569088 869824
569088 869824 610789 803314
610789 803314 611317 757391
611317 757391 609733 688242
609733 688242 609733 609064
609733 609064 600000 550000
600000 550000 574726 483554
574726 483554 508856 441428
508856 441428 492771 398536
492771 398536 456773 347219
456773 347219 439249 287063
439249 287063 303919 320328
303919 320328 249535 430896
250000 450000 249535 430896
250000 450000 226791 634750
226791 634750 367467 647385
367467 647385 380945 516818
380945 516818 372521 424157
372521 424157 497192 542089
497192 542089 490453 712248
490453 712248 288284 755209
288284 755209 237596 844487
439249 287063 476555 253834
5
278
100000 1050000
1100000 1050000
1100000 600000
1048280 609474
1045092 617244
1038717 626210
1036127 633780
1030150 641550
1021982 647527
1012020 651911
1001859 655098
990000 660000
980342 666455
980000 680000
984586 683573
979464 691398
973347 696805
972209 701357
968225 705341
960827 708471
950299 708329
907524 734864
907297 747119
904801 754835
900000 760000
892319 765048
883695 762551
880000 760000
874390 765275
868263 764140
865086 760736
861984 770956
856240 776274
848582 779465
840000 780000
831990 775210
825820 769041
822630 764574
817950 768529
814979 773357
813865 777071
812751 784313
810000 790000
805137 796198
800000 800000
796595 801955
792696 799541
786049 806825
781265 810270
779543 816202
782796 823092
782222 830555
785092 836487
790642 834574
795426 835531
801359 841846
803464 850075
803229 859474
796268 865353
792246 871850
790000 880000
794875 892733
798279 904645
797787 914317
788096 924388
777456 941299
769285 947570
761728 950837
743435 949594
729405 948173
723011 946930
718393 951015
716617 953679
714841 951370
710934 946219
701344 938938
680603 927526
664935 927787
661801 934054
665718 942410
661540 952856
655860 963303
644927 966191
635231 962478
628630 960828
626567 968254
619759 972380
617490 978775
614189 983726
606969 985789
595004 984758
584484 983932
581596 988058
576232 991565
571694 995072
564061 991978
559604 988416
538351 991375
525707 994066
509566 997294
497459 994604
479166 989492
466252 981421
459258 974696
457106 963935
452801 953712
445268 939722
442578 933266
429127 928154
422524 932268
419022 935649
411778 937339
403084 935890
397530 932993
393184 937460
388475 940720
387267 946878
381351 949776
359740 948549
355950 950281
354542 955695
349453 955479
346089 960643
340908 962476
336046 963513
329431 963353
323293 961918
310000 960000
303193 953160
295569 947576
286548 942314
278776 937273
266141 933408
240573 914529
231721 900085
230674 887367
224539 879287
190000 850000
185650 842889
184154 835970
184715 826432
190165 814958
185979 805247
185310 799554
183468 792522
180454 786160
178278 775947
183125 765299
188508 757018
194304 751015
201549 749152
207552 747703
213348 746875
216040 740044
215005 729901
209208 721206
200928 714996
193476 708993
184367 702369
170896 685059
166585 675896
160000 660000
159578 652719
160000 640000
164698 629543
163853 621679
160241 610842
157184 603061
151071 598615
144124 594725
137455 587222
132731 579720
129675 569716
131620 558601
134969 542147
135515 529307
134969 516194
137427 503080
137154 493245
147493 476673
155336 470660
160000 460000
160303 453666
166839 442163
170761 431705
165313 410042
168476 398795
168124 387548
176208 378762
169882 365055
166016 350996
175943 330460
183282 322348
185986 311532
186372 300330
182123 287196
184441 277539
192939 266337
195643 255908
203369 244705
216889 239298
228477 238525
237709 222539
235053 209642
233536 195986
239226 182709
258192 170571
277917 171330
294608 169054
304849 161088
324195 159570
336334 158432
351869 174399
370743 180816
386220 170624
399431 169869
417173 181948
431517 187988
446239 185723
460206 184968
480213 187233
491914 180816
508146 188366
519471 191008
540000 180000
555709 173266
580000 180000
604027 192895
626298 197048
641397 189876
655227 191453
661131 185254
666739 175808
679137 171971
689174 176694
692421 168133
700000 160000
707771 152489
726958 135663
745555 129464
770941 122379
814654 107978
854244 114983
877389 116201
898403 117419
931293 130514
961747 153355
975147 176500
972406 199341
965402 213045
980020 233754
1006028 260591
1005767 275212
994280 291138
998718 308369
1007856 325339
1004984 349359
997935 364762
1006551 378339
1017516 384866
1021094 404676
1020000 420000
1017925 432519
1023810 445875
1025255 459039
1046204 482949
1050758 502076
1053888 520442
1053514 537063
1052207 549015
1056129 562087
1050340 572545
1043617 586178
1044745 599677
1048265 609438
1100004 599965
1100000 50000
102810 51272
6
591290 983022
586745 982914
586708 963944
586459 937722
586314 916563
592801 917062
19
592929 910907
586562 909928
587051 898313
590130 888798
600772 864482
610743 847369
638574 816407
651933 802889
674555 777829
676901 771037
677642 762024
678711 748578
686179 748578
684083 768231
672946 786835
656962 802426
623096 841366
608717 859999
596713 886783
164
686831 742232
678152 742349
680000 720000
675571 712089
669238 704583
660676 694613
652114 685465
647070 676668
642731 666699
641441 656495
643083 650982
650122 639281
656162 633025
664144 628495
671911 621375
683344 610805
690464 602175
692837 593330
692621 580818
681900 562605
672872 548059
666351 537024
660834 518967
658326 501412
657824 487367
652372 484209
648103 489760
643122 488906
637286 485490
636859 479655
635294 472824
632305 470547
634155 464711
637002 461153
640275 456030
640000 450000
643721 446891
644798 442046
642213 438815
636614 439461
629184 438707
622400 439461
617554 440000
616477 444845
612600 444953
610662 442799
612600 439246
614108 435908
614073 431792
611325 426223
610184 421333
613281 416443
615889 412205
626810 409923
632841 407315
636589 407641
640338 404544
656156 415766
656635 421609
659126 426781
664298 428026
669566 427547
672918 425344
672535 417586
670140 414138
666405 411743
659030 413659
656418 415535
640401 404240
642252 401870
645337 399161
646691 396791
646000 394000
643569 392315
641123 392465
640818 388349
642785 384854
639672 383726
638498 382372
639220 379755
643597 378852
648877 378356
652126 378536
652754 376257
650000 375000
647343 375391
647614 373443
650644 371711
654053 371224
657732 371495
660330 373713
663847 372036
665000 370000
672577 367957
678996 368760
684366 366599
687884 363760
686897 361230
690000 360000
691649 363143
696834 363143
700969 364131
713844 365955
716745 372845
719646 378556
717471 383089
708677 387168
712394 393967
713844 399134
711034 402761
711941 407384
708949 412189
705958 416177
702966 419713
696167 421979
696493 425013
704612 425733
703433 431299
692041 431626
692892 435620
702975 435292
703311 441688
706257 446516
710676 449462
713703 451835
712803 457072
708371 460988
784469 835198
782222 830555
708373 460996
707242 461739
707480 463733
708611 465132
711497 464685
714086 467096
714711 472184
714000 478000
702000 484000
694175 487545
688689 485242
686521 482195
681712 484701
679410 488087
672636 487613
668261 487880
664452 493153
665000 500000
664745 507314
666308 513467
672601 537429
692560 566278
699511 583866
698165 593827
696058 605036
687555 614867
673473 627977
659964 638592
650000 650000
647537 660200
650000 670000
653991 677882
679573 704952
685237 716865
686408 732683
62
612946 431683
604450 431504
599173 431459
594746 432130
589961 434768
586608 436333
571297 442421
561752 442924
557105 441040
553087 437649
548189 430742
546305 425593
543919 415546
540779 406755
537758 385281
530897 377404
526831 371560
521241 367240
511586 361396
500000 360000
492783 349708
484397 335224
480000 320000
480332 309560
480000 300000
477976 291460
479544 283303
482054 269813
480485 251931
476407 243774
471701 232794
468878 223069
470760 205814
471388 198598
469505 193265
474525 191069
474912 207820
473702 217909
474240 224904
478275 233244
484059 244274
489171 254363
490112 267411
488364 280728
484328 290413
488408 304308
486685 315983
487068 325170
490000 330000
498371 343195
507714 352047
527137 359914
538201 371470
544840 384747
549116 405168
551883 417541
555791 426332
562628 433333
578746 433821
590000 430000
603166 427960
609027 428123
