129
6724 27139 9909 27257
9909 27257 13055 27296
13055 27296 17184 27336
17184 27336 19779 27532
19779 27532 22885 27493
22885 27493 26581 27218
26581 27218 30042 27218
30042 27218 33699 26982
33699 26982 37709 26982
9909 27257 8612 28790
8612 28790 6763 34649
8612 28790 10106 34413
10106 34413 11561 29105
11561 29105 13291 34335
17184 27336 16397 28790
16397 28790 15375 29184
15375 29184 14824 30127
14824 30127 15178 31386
15178 31386 16330 31356
16330 31356 17184 30875
17184 30875 17616 30167
17616 30167 16397 28790
19779 27532 19652 31456
19652 31456 19598 32444
19652 31456 20621 32103
20621 32103 21330 32356
21330 32356 22143 32217
22885 27493 24330 29356
24330 29356 24330 33356
24330 33356 24330 35356
24330 33356 23228 33437
24330 33356 25285 33339
30042 27218 28514 29608
28514 29608 28487 32303
28487 32303 28330 35356
28487 32303 29058 33201
29058 33201 29957 33283
29957 33283 30447 32521
30447 32521 30330 31356
30330 31356 30283 30506
37709 26982 32569 19947
32569 19947 31686 19461
31686 19461 31730 17474
31730 17474 32569 16414
32569 16414 33516 17443
33516 17443 33543 19358
33543 19358 32569 19947
37709 26982 37639 19970
37639 19970 37027 19305
37027 19305 36974 17443
36974 17443 37665 16485
37665 16485 38330 17356
38330 17356 38330 19356
38330 19356 37027 19305
32569 16414 31977 13343
31977 13343 31544 12949
31544 12949 31485 12417
31485 12417 31544 11630
31544 11630 31622 10981
31622 10981 31834 10617
31834 10617 32080 10412
32080 10412 32462 10207
32462 10207 32831 10030
32831 10030 33213 9948
33213 9948 33528 9866
33528 9866 34457 9757
34457 9757 35454 9770
35454 9770 36342 9798
36342 9798 37162 9866
37162 9866 37927 9921
37927 9921 38330 10356
38330 10356 38515 10863
38515 10863 38555 11437
38555 11437 38542 12120
38542 12120 38515 12776
38515 12776 38501 13131
38501 13131 31977 13343
13055 27296 10198 19637
10198 19637 10647 19385
10647 19385 10675 18655
10675 18655 10366 17953
10366 17953 9946 17336
9946 17336 9216 16522
9216 16522 8683 16073
8683 16073 7953 16719
7953 16719 7504 17448
7504 17448 7111 18206
7111 18206 7027 19020
7027 19020 7243 19659
7243 19659 7704 19929
7704 19929 8054 19808
8054 19808 8162 19530
8162 19530 8488 18914
8488 18914 8597 18552
8597 18552 8549 19277
8549 19277 8875 19615
8875 19615 9285 19735
9285 19735 9756 19723
9756 19723 10198 19637
8683 16073 9150 15383
9150 15383 9000 15000
9000 15000 9102 14532
9102 14532 8961 14162
8961 14162 9173 13756
9173 13756 8978 13385
8978 13385 9296 12926
9296 12926 9031 12397
9031 12397 9384 11938
9384 11938 9120 11355
9120 11355 9490 11126
9490 11126 9843 10826
9843 10826 10285 10649
10285 10649 10620 10384
10620 10384 11000 10000
11000 10000 10673 9731
10673 9731 10920 9572
10920 9572 11094 9392
11094 9392 10953 9198
10953 9198 11130 9048
11130 9048 11024 8810
11024 8810 11227 8704
11227 8704 11385 8537
11385 8537 11297 8272
11297 8272 11491 8184
11491 8184 11624 8060
11624 8060 11551 7890
11551 7890 11751 7890
11751 7890 11958 7799
11958 7799 12103 7720
2
121
13830 4356
13930 4722
13944 5072
14136 5291
14205 5620
14273 6038
14390 6435
14561 6874
14739 7210
14712 7360
14355 7463
13930 7456
13650 7278
13232 7312
12794 7491
12474 7800
12225 8173
12112 8725
11994 9393
11975 9831
11911 10250
12045 10586
12235 10802
12311 11151
12470 11595
12575 11910
12741 12472
12936 12977
13123 13337
13330 13856
13487 14301
13548 14838
13592 15375
13742 15791
13754 16526
13951 17039
14330 17356
14759 17640
15273 17749
16147 18066
17580 18423
18377 18682
19049 19111
19446 19524
19259 18684
19125 17518
18978 17049
19138 16231
19715 16137
20023 16137
20063 15628
20330 15356
20238 14998
20171 13302
20180 12329
19330 12356
18892 12730
18224 12854
18234 13465
18014 13713
17690 13570
17575 13264
17527 12968
17451 12787
17060 12644
16688 12463
16583 12214
16556 11940
16349 11733
16398 11477
16506 11132
16496 10620
16506 10216
16418 9802
16515 9393
16768 9132
17096 9140
17543 9275
17804 9696
18015 10193
18183 10639
18554 10783
18655 11078
18613 11280
18662 11444
18761 11327
18902 11338
18962 11497
18937 11666
18895 11803
18786 11972
18874 12067
19036 11955
19177 12000
19275 12194
19331 12325
20177 12304
20159 10344
20032 10411
19921 10339
19966 10161
20104 10073
20049 9968
19949 9918
19916 9757
19960 9630
19766 9626
19657 9626
19519 9502
19526 9262
19737 9124
19963 9102
20006 8986
20006 8833
19817 8928
19541 9000
19621 8702
19694 8477
19830 8356
20025 8260
19886 4406
259
20310 4447
20340 4692
20330 4856
20300 5262
20300 5556
20320 5919
20320 6243
20340 6489
20418 7225
20722 7127
20938 7078
21331 7009
21498 6980
21675 6940
21979 6940
22627 7529
22647 7716
22705 8197
22715 8344
22647 8491
22588 8707
22539 8973
22401 9238
22116 9483
21979 9679
21830 9856
21626 9905
21410 10043
21213 10160
20919 10317
20722 10425
20457 10563
20442 12416
20496 15387
20705 15787
20931 16065
21096 16221
20736 16493
20628 16683
20606 16991
20745 17204
20711 17590
20784 17791
21007 17869
21080 18188
21112 20142
21069 20400
20830 20356
20615 20369
20330 20356
20074 20382
19830 20356
19803 19577
19797 18968
19773 18624
19748 18120
19570 18188
19508 18354
19502 18600
19502 18931
19515 19257
19582 19528
19754 19743
19803 20394
19943 20449
19928 20687
19910 20828
19629 20868
19555 20899
19481 20988
19253 21458
19182 21857
19195 22120
19336 22268
19600 22319
19587 23116
19574 23560
19658 24048
19852 24448
20107 24940
20412 25330
20641 25763
21172 26237
21506 26359
21830 26356
22266 26359
22517 26328
22928 26290
23247 26184
23506 26070
23840 25933
24053 25773
24357 25469
24684 25211
24830 24856
24903 24661
24968 24346
24911 23967
24903 23620
24903 23176
24830 22856
24717 22401
24475 22127
24330 21856
23704 22016
23634 22153
23501 22236
23334 22302
23130 22356
22911 22391
22730 22356
21530 22556
21404 22620
21267 22659
21060 22659
20884 22642
20765 22615
20650 22576
20611 22492
20712 22452
20963 22426
21117 22426
21285 22452
21474 22461
21598 22479
22749 22316
22894 22244
22976 22204
23027 22184
23082 22160
23130 22156
23256 22106
23327 22095
23474 22095
23577 22089
23637 22084
23683 21994
24326 21830
24330 21756
24419 21694
24476 21628
24530 21556
24580 21412
24562 21282
24520 21194
24455 21050
24320 21001
24231 20954
24203 20683
24151 20535
24066 20404
23946 20357
23762 20309
23614 20320
23551 20183
23425 19994
22642 20330
22513 20463
22402 20612
22251 20662
22017 20710
21853 20754
21673 20751
21530 20756
21307 20631
21183 20522
21156 20389
21243 20128
21330 19956
21497 19855
21652 19738
21864 19734
22095 19749
22307 19871
22458 20056
22511 20245
22273 20276
22208 20166
22110 20101
21958 20094
21754 20124
21618 20162
21535 20260
21500 20359
21217 20394
21223 20436
21497 20414
21525 20492
21610 20517
21665 20519
21771 20501
21873 20490
21963 20456
22072 20426
22149 20396
22242 20382
22280 20306
22638 20309
23416 19972
23272 19715
23198 19613
23146 19512
23048 19428
22984 19287
22967 19074
22953 18867
22989 18584
23024 18447
23011 18302
22930 18156
22801 17985
22730 17756
22428 17281
22197 16967
22042 16785
21807 16620
21524 16428
21321 16289
21196 16212
21354 16065
21530 15956
21944 15724
22248 15558
22367 15535
22586 15904
22793 16188
23081 16500
23227 16807
23258 17322
23377 17729
23415 18108
25073 17218
26137 16658
26927 16033
27344 15594
27443 14727
27542 14189
27333 13575
27147 12653
27136 11995
27330 11356
27351 10727
27330 10356
27136 9804
27114 9299
27189 8676
27317 8212
27317 7928
27180 7443
26959 6874
26664 6199
26379 5598
25968 5240
25431 5187
25062 5229
24630 5103
24764 4911
24868 4608
24920 4347
