77
14393 27783 17578 27901
17578 27901 20724 27940
20724 27940 24853 27979
24853 27979 27448 28176
27448 28176 30554 28136
30554 28136 34250 27861
34250 27861 37711 27861
37711 27861 41368 27625
41368 27625 45378 27625
17578 27901 16281 29434
16281 29434 14433 35293
16281 29434 17775 35057
17775 35057 19230 29749
19230 29749 20960 34978
24853 27979 24066 29434
24066 29434 23044 29827
23044 29827 22493 30771
22493 30771 22847 32029
22847 32029 24000 32000
24000 32000 24853 31518
24853 31518 25285 30810
25285 30810 24066 29434
27448 28176 27321 32100
27321 32100 27267 33087
27321 32100 28290 32747
28290 32747 29000 33000
29000 33000 29812 32861
30554 28136 32000 30000
32000 30000 32000 34000
32000 34000 32000 36000
32000 34000 30897 34080
32000 34000 32954 33982
37711 27861 36183 30251
36183 30251 36156 32946
36156 32946 36000 36000
36156 32946 36727 33845
36727 33845 37626 33927
37626 33927 38116 33164
38116 33164 38000 32000
38000 32000 37952 31150
45378 27625 40238 20591
40238 20591 39355 20105
39355 20105 39399 18118
39399 18118 40238 17058
40238 17058 41185 18086
41185 18086 41212 20001
41212 20001 40238 20591
45378 27625 45308 20613
45308 20613 44696 19948
44696 19948 44643 18086
44643 18086 45334 17129
45334 17129 46000 18000
46000 18000 46000 20000
46000 20000 44696 19948
40238 17058 39646 13986
39646 13986 39213 13592
39213 13592 39154 13061
39154 13061 39213 12274
39213 12274 39291 11624
39291 11624 39503 11261
39503 11261 39749 11056
39749 11056 40131 10851
40131 10851 40500 10673
40500 10673 40883 10591
40883 10591 41197 10509
41197 10509 42126 10400
42126 10400 43123 10414
43123 10414 44011 10441
44011 10441 44831 10509
44831 10509 45596 10564
45596 10564 46000 11000
46000 11000 46184 11507
46184 11507 46225 12081
46225 12081 46211 12764
46211 12764 46184 13420
46184 13420 46170 13775
46170 13775 39646 13986
2
121
21500 5000
21599 5366
21613 5715
21805 5935
21874 6263
21942 6681
22059 7079
22230 7517
22408 7853
22381 8004
22024 8107
21599 8100
21319 7922
20901 7956
20463 8135
20143 8443
19894 8817
19781 9368
19663 10037
19644 10475
19580 10894
19714 11230
19904 11446
19980 11795
20139 12239
20245 12554
20410 13116
20605 13620
20792 13980
21000 14500
21156 14945
21217 15482
21261 16019
21411 16434
21423 17169
21620 17683
22000 18000
22428 18284
22942 18393
23816 18710
25249 19066
26046 19325
26718 19755
27115 20167
26928 19328
26794 18162
26647 17692
26808 16875
27384 16781
27692 16781
27733 16271
28000 16000
27907 15641
27840 13946
27850 12972
27000 13000
26561 13373
25893 13497
25903 14108
25683 14356
25359 14213
25244 13908
25196 13612
25120 13431
24729 13287
24357 13106
24252 12858
24225 12583
24018 12376
24067 12120
24175 11775
24166 11263
24175 10859
24087 10445
24184 10036
24437 9775
24766 9784
25212 9918
25473 10340
25684 10837
25852 11283
26223 11426
26324 11721
26282 11923
26331 12087
26430 11971
26571 11981
26631 12140
26606 12309
26564 12447
26455 12616
26543 12711
26705 12598
26846 12644
26945 12838
27000 12968
27846 12948
27828 10988
27701 11054
27590 10982
27635 10805
27773 10716
27718 10611
27618 10561
27585 10401
27629 10273
27435 10269
27326 10269
27188 10146
27195 9906
27406 9768
27632 9746
27675 9629
27675 9477
27486 9571
27210 9644
27290 9346
27363 9120
27500 9000
27694 8904
27555 5050
259
27979 5090
28009 5336
28000 5500
27969 5905
27969 6200
27989 6563
27989 6887
28009 7132
28087 7869
28391 7770
28607 7721
29000 7653
29167 7623
29344 7584
29648 7584
30296 8173
30316 8360
30375 8841
30384 8988
30316 9135
30257 9351
30208 9616
30070 9881
29786 10127
29648 10323
29500 10500
29295 10549
29079 10686
28882 10804
28588 10961
28391 11069
28126 11206
28111 13060
28165 16030
28374 16430
28600 16708
28765 16865
28405 17137
28297 17326
28275 17635
28414 17848
28380 18233
28453 18435
28677 18513
28749 18832
28782 20786
28738 21044
28500 21000
28284 21013
28000 21000
27743 21025
27500 21000
27472 20220
27466 19612
27442 19268
27417 18764
27239 18831
27178 18997
27171 19243
27171 19575
27184 19901
27251 20171
27423 20386
27472 21038
27612 21093
27597 21330
27579 21472
27298 21512
27224 21543
27150 21632
26922 22102
26851 22500
26864 22764
27005 22911
27269 22963
27256 23760
27243 24203
27327 24692
27521 25092
27776 25584
28081 25974
28310 26406
28841 26881
29175 27002
29500 27000
29935 27002
30186 26972
30597 26934
30916 26827
31175 26713
31509 26576
31722 26417
32026 26113
32353 25854
32500 25500
32572 25305
32637 24990
32580 24610
32572 24263
32572 23820
32500 23500
32386 23045
32144 22770
32000 22500
31373 22660
31303 22796
31170 22880
31003 22946
30800 23000
30580 23034
30400 23000
29200 23200
29073 23263
28936 23303
28729 23303
28553 23285
28434 23259
28319 23219
28280 23135
28381 23096
28632 23069
28786 23069
28954 23096
29143 23105
29267 23122
30418 22959
30563 22888
30645 22847
30696 22828
30751 22804
30800 22800
30925 22749
30996 22738
31143 22738
31246 22733
31306 22727
31352 22638
31995 22473
32000 22400
32088 22337
32145 22272
32200 22200
32249 22056
32231 21926
32189 21837
32124 21694
31989 21645
31900 21598
31872 21326
31820 21179
31736 21048
31615 21000
31431 20953
31284 20964
31220 20827
31094 20638
30311 20974
30182 21107
30071 21255
29920 21306
29686 21353
29522 21398
29342 21394
29200 21400
28976 21275
28852 21165
28825 21033
28912 20772
29000 20600
29166 20499
29321 20382
29533 20378
29764 20393
29976 20514
30127 20700
30180 20889
29942 20919
29877 20809
29779 20745
29628 20737
29423 20768
29287 20806
29204 20904
29170 21002
28886 21038
28892 21080
29166 21057
29194 21135
29279 21161
29334 21163
29440 21144
29542 21134
29632 21099
29741 21069
29818 21039
29911 21026
29950 20950
30307 20952
31085 20615
30941 20359
30867 20257
30815 20155
30717 20071
30653 19931
30636 19717
30622 19510
30658 19228
30693 19091
30680 18945
30600 18800
30470 18629
30400 18400
30097 17924
29866 17610
29711 17429
29476 17263
29193 17071
28990 16932
28865 16856
29023 16708
29200 16600
29613 16367
29917 16202
30036 16179
30255 16548
30462 16832
30750 17143
30896 17450
30927 17965
31046 18372
31084 18752
32742 17861
33806 17302
34596 16676
35013 16237
35112 15370
35211 14833
35002 14218
34816 13297
34805 12638
35000 12000
35020 11371
35000 11000
34805 10447
34783 9943
34859 9320
34986 8856
34986 8571
34849 8086
34628 7517
34333 6843
34048 6242
33637 5884
33100 5831
32731 5873
32299 5747
32433 5555
32537 5252
32589 4991
