67
2000 2500 1616 2882
1616 2882 1601 3537
1601 3537 1115 3281
1115 3281 751 2559
751 2559 1370 1546
1616 2882 2665 3491
1115 3281 654 3951
1601 3537 2404 4371
2000 2500 3075 1490
1370 1546 1012 1106
751 2559 173 2401
2000 2500 3500 3000
3075 1490 2179 937
3075 1490 3909 2165
3075 1490 3576 953
3909 2165 4333 2554
3500 3000 3609 4103
2665 3491 3234 4236
2404 4371 2015 5252
3234 4236 4078 4908
3609 4103 5102 4236
4333 2554 5664 2267
4172 2533 5102 4236
3576 953 5282 1311
2179 937 3338 371
2179 937 1541 638
1012 1106 832 454
1012 1106 233 1210
1370 1546 1873 1606
654 3951 1292 5126
654 3951 435 4674
2015 5252 3483 6767
1292 5126 1048 6479
435 4674 688 5630
688 5630 429 6422
2015 5252 2013 6825
3483 6767 5413 5903
4078 4908 3684 5990
5102 4236 6623 4881
5664 2267 5888 2389
8509 3642 6623 4881
5282 1311 8639 1496
8639 1496 7000 3000
8509 3642 10079 5716
5413 5903 8000 8000
6623 4881 8462 6348
3483 6767 5316 8816
2013 6825 1058 8642
2013 6825 4013 8763
1048 6479 537 8259
1058 8642 1580 12535
4013 8763 4378 12013
5316 8816 8149 10362
8000 8000 7697 9180
8462 6348 11590 7773
10079 5716 12911 4801
8509 3642 11399 2698
8639 1496 9366 2211
9366 2211 11608 908
11608 908 12981 1846
1580 12535 4737 14908
4378 12013 8917 13035
8149 10362 10925 10511
11590 7773 14616 7906
7697 9180 10165 9236
12911 4801 16000 5681
12981 1846 15756 3401
10
3
4775 13921
4077 13160
5515 13456
3
6826 11659
5790 10961
6466 10623
5
6530 8255
5747 8022
5388 7451
5853 7113
6551 7620
7
10251 8530
9659 8318
9046 8064
8665 7620
9067 7578
9722 7599
10378 7916
7
12851 6796
12407 6606
12302 6246
12915 5844
13697 5971
14289 6563
14035 7007
6
12000 4000
11435 3836
11942 3286
12999 2821
13676 3265
14000 4000
4
6000 4000
5599 3455
5811 3117
6382 3434
3
5134 5274
4796 5168
5071 4830
3
2914 9608
2301 9312
2491 8762
3
8538 5422
8306 5020
8813 4978
